"","1","2","3","4","5","6","7","8","9","10","11","12","13","14"
"PD10010",0.0268324984165371,0.0477917890251627,0.0848736108711925,0.109460471008234,0.0852766741521276,0.0469856624632925,0.0405366499683307,0.0401335866873956,0.0199804226406403,0.0691541429147233,0.0929348764898946,0.227961075603155,0.0671388265100478,0.0409397132492658
"PD10011",0.113743262265252,0.087427472791568,0.0335942596216569,0.0307103374875545,0.0368386720225221,0.00691797988120987,0.030950664332063,0.0661585470525629,0.132969409825935,0.189806708552202,0.0219384076629931,0.175387097881691,0.0112438630823634,0.0623133175404264
"PD10014",0.0365972425931358,0.0799647990613083,0.0246054561454972,0.0364329715459079,0.0382399530654151,0.0168847169257847,0.0411146963919038,0.199554121443238,0.170067468465826,0.0363508360222939,0.0341331768847169,0.119636256966852,0.0816075095335876,0.0848107949545321
"PD11326",0.0284740058453636,0.055545714876155,0.0174180025388953,0.0504826853245948,0.040563280488885,0.0290939686475954,0.0870604906562749,0.185944557612258,0.17003217902164,0.0376701207451362,0.0398399905529478,0.124671567325008,0.0714580934667729,0.0617453428984737
"PD11327",0.0244082591908679,0.0424262772088859,0.0176710872363046,0.0169660343573387,0.0516703038442169,0.0148508757204409,0.0572323876671703,0.158211627776845,0.131576296793688,0.0712551060377147,0.0197079066644284,0.217749426445079,0.108622908622909,0.0676515024341111
"PD11336",0.111725186969198,0.00950690835340347,0.118113829382685,0.0583090379008746,0.043402205602738,0.106223856002028,0.0155406261883635,0.0703764735707948,0.0536950183800228,0.051742933198124,0.0796045126124984,0.0783622765876537,0.118113829382685,0.0852833058689314
"PD11337",0.0120305566991446,0.0225973194272906,0.124742692466035,0.0453318695393623,0.0430904350212708,0.0786331823795801,0.0744705182745529,0.0616623210283153,0.10072732262934,0.135949865056493,0.0286812131192535,0.0386075659850876,0.148117652440419,0.0853574859338548
"PD11338",0.0172644376899696,0.104924012158055,0.162370820668693,0.109604863221884,0.0300303951367781,0.0381155015197568,0.00832826747720365,0.0615197568389058,0.0453495440729483,0.0627963525835866,0.138966565349544,0.0921580547112462,0.0832218844984803,0.0453495440729483
"PD11339",0.0207721708303329,0.0630366144131169,0.200299119259957,0.13205561402537,0.0506287043704647,0.0413227718384756,0.0168946989420041,0.0440370021603058,0.0409350246496427,0.108403035506564,0.118484462416219,0.0339555752506509,0.0665263391126129,0.0626488672242841
"PD11340",0.0319850270964858,0.0570143583440416,0.0982736465724342,0.0137996536119336,0.0642493994077881,0.0855634392982848,0.0347226102016872,0.0859545225990279,0.0642493994077881,0.0839991060953126,0.141292809654171,0.0401977764120901,0.126040560925191,0.0726576903737639
"PD11341",0.0320631190196408,0.0708410273627665,0.151922108443848,0.057327513849253,0.029712942756421,0.12842034581165,0.0520396172570086,0.109618935705892,0.0238375020983717,0.0831794527446701,0.0778915561524257,0.0808292764814504,0.0825919086788652,0.0197246936377371
"PD11342",0.0117947626144347,0.0442835852671918,0.0925697253566106,0.111943793911007,0.0478603363849266,0.21149670002129,0.0940600383223334,0.0514370875026613,0.0764743453268043,0.0424952097083245,0.0883968490525868,0.0189482648499042,0.0511390249095167,0.0571002767724079
"PD11343",0.0175589273785667,0.0699971371314057,0.118761332188186,0.0983872506918599,0.0502910583070904,0.0522950663231224,0.0312529821547858,0.104065273403951,0.103731272067945,0.0639851130833095,0.0756751598434965,0.0399370168909247,0.106403282755988,0.0676591277793683
"PD11344",0.00366234235163645,0.0101617104686251,0.0174734996002373,0.0110644004848735,0.113068372320945,0.365099424857504,0.406623165604931,0.0052871843808836,0.0116962834962474,0.00519691537925876,0.0297500838212158,0.00537745338250845,0.010793593479999,0.00474557037113455
"PD11345",0.0114000027469886,0.0218797643083769,0.042743142829673,0.0288021756149821,0.0526460367821775,0.337137912563352,0.207246555963026,0.0288021756149821,0.00399686843298034,0.0350515747112228,0.0312057906519977,0.0614913401183952,0.0902385759611026,0.0473580837007431
"PD11346",0.0147614981090643,0.0250091496889106,0.109979260705136,0.0275710625838721,0.0442234964011224,0.153104794436989,0.0856410882030011,0.0437965109186288,0.0416615835061608,0.094180797852873,0.106136391362694,0.0813712333780651,0.0826521898255459,0.089910943027937
"PD11347",0.0194961213702204,0.0795633967186106,0.116084300130432,0.102148692249605,0.0747580146907394,0.160774352989634,0.0468867989290863,0.0608224068099128,0.0391981876844923,0.0661083270405712,0.119448067549942,0.0473673371318734,0.037756573076131,0.0295874236287499
"PD11348",0.0269904009034444,0.0617730095990966,0.172049689440994,0.0835121400338792,0.0435911914172784,0.0431959345002823,0.0220496894409938,0.0900338791643139,0.0728402032749859,0.0483342744212309,0.0649350649350649,0.0520892151326934,0.143788819875776,0.0748164878599661
"PD11349",0.0172784942754272,0.0486160059436496,0.0611510106109386,0.0679519173985103,0.0718190996894824,0.12502619396872,0.0914217133713067,0.100089535747623,0.0870211266264073,0.0798201664983903,0.0818204332006172,0.0522164860076582,0.0551502105042577,0.0606176061570114
"PD11352",0.0233579015824843,0.0817797528723174,0.119336657272924,0.131096900065034,0.0176674615217863,0.159169737697811,0.011597658790375,0.0476371125081292,0.0578799046173857,0.0601560806416649,0.120474745285064,0.0518101018859744,0.0286689789724691,0.0893670062865814
"PD11355",0.0199001210653753,0.0516797820823245,0.12318401937046,0.088226392251816,0.0230780871670702,0.043205205811138,0.0135441888619855,0.0585653753026634,0.0236077481840194,0.0691585956416465,0.0643916464891041,0.0935230024213075,0.220111985472155,0.107823849878935
"PD11357",0.0296212973378328,0.088530600341624,0.163771195267258,0.176311294421531,0.0237886930800317,0.0357455318085239,0.0127067449902096,0.083572886722493,0.0293296671249427,0.0873640794900637,0.0789068033162521,0.057034537349498,0.0800733241678123,0.0532433445819273
"PD11358",0.0145239727145142,0.0451385489082542,0.0935735500505891,0.0931166160775482,0.0101830999706257,0.296452234080747,0.0462808838408564,0.0497078886386631,0.0474232187734587,0.0453670158947746,0.0915173471719051,0.0309735957439864,0.0682137145468194,0.0675283135872581
"PD11359",0.0362928676625289,0.0793709236271828,0.133126446454871,0.122817168104355,0.0370292446875658,0.0591205554386703,0.0267199663370503,0.0701662108142226,0.0642751946139281,0.0911529560277719,0.0955712181779928,0.046233957500526,0.092993898590364,0.0451293919629708
"PD11360",0.0172367114881328,0.0614565472430286,0.155581626207021,0.0977799837559787,0.0150257197003881,0.0491381644255934,0.0210269831242668,0.0229221189423337,0.0908311524230665,0.118626477754715,0.0706163703636856,0.0545077159101164,0.109466654634058,0.115783774027615
"PD11361",0.0178067843042462,0.0465715897187978,0.206752074772379,0.124969784868262,0.0369833212472806,0.0612360003222947,0.0104745790024978,0.0527757634356619,0.0634920634920635,0.0753363951333495,0.0781564740955604,0.0493916686810088,0.125533800660704,0.0505197002658932
"PD11364",0.0287029839143694,0.0739101835795013,0.136697960892184,0.158464390360581,0.0395861986485678,0.0412605393769061,0.0446092208335825,0.0785146205824314,0.0508879985648508,0.0839562279495306,0.0827004724032769,0.067631405848233,0.0659570651198948,0.0471207319260898
"PD11365",0.0547052567925433,0.552077903121546,0.0193089642805013,0.0140542569385074,0.00726692662176533,0.0139082928456743,0.00631816001834977,0.0655065996621974,0.00646412411118293,0.128125195487624,0.00836165731801405,0.0307671455679046,0.0222282461371645,0.0709072710970244
"PD11366",0.0316109422492401,0.0954407294832827,0.102642038812252,0.145195230301613,0.0339022679448211,0.0663081599251812,0.0106616787467851,0.0456862286649521,0.0483048866027589,0.0764554594341828,0.127846621463643,0.0607435118073416,0.10984334814122,0.0453588964227262
"PD11367",0.0242964972694702,0.0723851264391805,0.0594803297506,0.0818811089081359,0.0502278340116178,0.029653205328881,0.0311141257087203,0.16320567671919,0.190597933841177,0.0456015861421267,0.0661762148248635,0.0570454624508679,0.0555845420710286,0.0727503565341403
"PD11368",0.0266896523075645,0.0477713621069248,0.102438416483197,0.0489344909234412,0.0394840692892452,0.232418061728908,0.0697254185186724,0.0598388235782827,0.0246541768786607,0.0902255639097744,0.0598388235782827,0.0357039006355668,0.110144144892618,0.0521330951688614
"PD11369",0.0211143965995195,0.0435917575309555,0.136250231010904,0.0738310848272038,0.0709203474403992,0.121858251709481,0.0613795971169839,0.0500600628349658,0.0461790796525596,0.117330437996673,0.0767418222140085,0.0343744224727407,0.0856357420070227,0.0607327665865829
"PD11370",0.0252606686015264,0.113296785983016,0.102010104267441,0.165215521874664,0.0342900139739869,0.0252606686015264,0.0147264323336558,0.0335375685262818,0.123078576803182,0.0809416317316995,0.109534558744491,0.0613780500913684,0.0613780500913684,0.0500913683757928
"PD11372",0.00762634028544597,0.0188233351564999,0.0336322638569261,0.011527228821168,0.158460697000031,0.266024086438736,0.383989845306034,0.0177397550076883,0.00748186293227108,0.0138388664719662,0.0232298944283341,0.0181731870672129,0.0240967585473834,0.0153558786803026
"PD11374",0.0273618695320298,0.0861370442134931,0.128471610592449,0.0943573483647466,0.0413363865891609,0.0355821736832834,0.022018671833715,0.0955903939874347,0.0310610064000939,0.100522576478187,0.140802066819329,0.114908108742881,0.0553109036462921,0.0265398391169045
"PD11375",0.0194412442396313,0.0779089861751152,0.199884792626728,0.0985743087557604,0.0194412442396313,0.0360743087557604,0.00936059907834101,0.0769009216589862,0.0189372119815668,0.0960541474654378,0.0910138248847926,0.0688364055299539,0.142929147465438,0.0446428571428571
"PD11376",0.0157937003658428,0.0607655929329883,0.156330864638173,0.092308378691889,0.0342196841259927,0.06857321317034,0.0117337378424199,0.0488980101722138,0.0151690907468546,0.0729454805032569,0.109485143214063,0.0648255554564112,0.132908003926118,0.116043544213438
"PD11379",0.00692524848556137,0.0116597071105099,0.0115053225901312,0.0197391636769982,0.116023642886549,0.286824383932247,0.361031876727636,0.0326045403752279,0.0396033052990649,0.0164970887490443,0.0193789331294477,0.0115567840969241,0.0401179203669941,0.0265320825736635
"PD11380",0.0345023207839092,0.0604951005673027,0.120061887570913,0.10959257349149,0.0391954615781331,0.0940691077875193,0.0186178442496132,0.0446106240330067,0.0586900464156782,0.0911810211449201,0.128726147498711,0.0377514182568334,0.0745745229499742,0.0879319236719959
"PD11381",0.0179652671501763,0.0976112848492914,0.0827067669172932,0.14558520194291,0.0356643821944241,0.0566238605362965,0.0100472419988023,0.0542950296094218,0.0547607957947967,0.10972120566904,0.143722137201411,0.0556923281655466,0.084569831658793,0.0510346663117972
"PD11383",0.0279845677335217,0.0766722816932022,0.111666576101723,0.0747704178666522,0.0443405966418519,0.0359723958050318,0.0150518937129816,0.0683040808563821,0.0865619735912623,0.148562734336793,0.111286203336413,0.0279845677335217,0.0926479378362224,0.0781937727544422
"PD11384",0.0296177062374245,0.059476861167002,0.147927565392354,0.112997987927565,0.0498993963782696,0.0915895372233401,0.0482092555331992,0.0284909456740443,0.055533199195171,0.0893360160965795,0.101730382293763,0.0887726358148893,0.0622937625754527,0.0341247484909457
"PD11385",0.0307544804189099,0.0906409027214396,0.132974408142193,0.140202079799395,0.0245593332841655,0.0462423482557711,0.0224942842392507,0.100966147946014,0.0849620178479239,0.0312707426801387,0.111807655431817,0.0612139538314035,0.0658603141824618,0.0560513312191165
"PD11386",0.0124042624042624,0.054945054945055,0.118464868464868,0.103313353313353,0.0415417915417915,0.158966033966034,0.0537795537795538,0.0456210456210456,0.0543623043623044,0.0797119547119547,0.102730602730603,0.0663086913086913,0.0485347985347985,0.0593156843156843
"PD11388",0.0207524168627562,0.0380177472854591,0.14796019618405,0.069174722875854,0.0612366399228872,0.0509171320840303,0.033254897513679,0.0975533694327106,0.086440053298557,0.0731437643523375,0.0981487256541831,0.0431775012048876,0.110055850083633,0.0701669832449749
"PD11389",0.028703780296137,0.103978823724047,0.112664405658036,0.15956654810158,0.0159649267929523,0.0310199354785342,0.0101745388369592,0.0663413020100918,0.0721316899660849,0.0350732070477293,0.147406733393995,0.0605509140540988,0.106294978906444,0.0501282157333113
"PD11391",0.0344195079844627,0.0850237375917134,0.0472593871385412,0.21795425118688,0.0110056107034959,0.0472593871385412,0.0178031937850669,0.0593439792835563,0.0827578765645231,0.0865343116098403,0.114479930945188,0.0616098403107467,0.0548122572291757,0.0797367285282693
"PD11393",0.0191929282838374,0.0266097538824812,0.187237005418824,0.052886507431962,0.0204643841007477,0.037840946931856,0.0234311143402052,0.0556413283686011,0.0342384887839433,0.0660248842067024,0.0283050283050283,0.0649653376926104,0.262676717222172,0.12048557503103
"PD11394",0.0237146651489281,0.0693100613419339,0.266742553595143,0.124201606273319,0.0215012964016948,0.0396509201290078,0.0197306014039082,0.0591285651046607,0.0533738063618542,0.0294694238917346,0.114462783785493,0.0653259975969139,0.0892303800670335,0.0241573388983748
"PD11395",0.102959767977988,0.0496021417416524,0.118056071986317,0.0751096898936566,0.0188889715178107,0.0438759574626311,0.0160258793783,0.102439205770804,0.048300736223693,0.0555886071242656,0.0886443072804343,0.0688629434074515,0.126905629508441,0.0847400907265561
"PD11396",0.0211555044553032,0.0674331704512791,0.13866053463639,0.121356711698764,0.0143144581776373,0.0509341764874964,0.0328255245760276,0.0947973555619431,0.0376544984190859,0.0593848807128485,0.0992239149180799,0.0722621442943375,0.108479448117275,0.0815176774935326
"PD11397",0.0296435162131287,0.0573244676176807,0.135036175634904,0.0800843609947567,0.0446117343800346,0.0636808342365037,0.0528134977591611,0.107765312399309,0.0809045373326694,0.0185711356513079,0.0663464073347198,0.0228770614253493,0.170918890418583,0.0694220686018923
"PD11398",0.0231837415817391,0.0619822397043924,0.136658918886704,0.0548900411228321,0.0452947136301329,0.0294415638595864,0.0269384349484475,0.129983908457,0.0799213302342213,0.130401096608856,0.0882650932713511,0.0903510340306335,0.0774182013230824,0.0252696823410215
"PD11399",0.0187736685198614,0.0517685923777294,0.176134074611232,0.10337603738619,0.0246958343405044,0.0909676899524615,0.0252598501329466,0.0286439448875997,0.0757392635565224,0.0830714688582709,0.0689710740472162,0.0455644186608654,0.117758440093465,0.089275642575135
"PD11402",0.0139878736304648,0.0694606956706733,0.122699712796511,0.169609615998298,0.0311137113073077,0.0586639719178811,0.0169662801829593,0.0255291990213807,0.0523348579938304,0.0985001595574939,0.109296883310286,0.0690883948516115,0.0694606956706733,0.0932879480906287
"PD11462",0.0171586807100826,0.0649260742718687,0.172921920585472,0.0614646689413045,0.0361964100281857,0.0462344854868219,0.0299658804331702,0.0711566038668842,0.0469267665529348,0.106462938238639,0.107155219304752,0.0794639766602383,0.115808732631163,0.0441576422884834
"PD11464",0.0135411103082095,0.0221181940997204,0.076879575230136,0.0269565490590342,0.105909704986019,0.202896729397719,0.270633698828113,0.0271764742844576,0.0397122121335889,0.0392723616827422,0.044110716642056,0.0361934085268152,0.0663231644098149,0.0282761004115744
"PD11465",0.0151573571333759,0.029050547700165,0.042280050819496,0.0472798295903468,0.0495806127415348,0.194308722117226,0.28496842744,0.0529875416384863,0.0460409463550918,0.044005638182887,0.0338290973218631,0.0726769359130759,0.0456427338866169,0.0421915591598349
"PD11740",0.0216323106423778,0.076581975071908,0.134467881112176,0.0941994247363375,0.0321188878235858,0.0518336529242569,0.00904841802492809,0.06106184084372,0.0577061361457335,0.112236337488015,0.111397411313519,0.0434443911792905,0.0929410354745925,0.101330297219559
"PD11741",0.036807220420251,0.0363136370046538,0.143914821604851,0.0318713862642787,0.0456917219010013,0.0526018897193626,0.0486532223945847,0.074319560005641,0.0234804681991257,0.115780566915809,0.0373008038358483,0.0609928077845156,0.228811169087576,0.0634607248625018
"PD11742",0.0216259997975094,0.0440214640072897,0.0323985015693024,0.0387769565657588,0.0798825554318113,0.0685430798825554,0.104687658195808,0.148202895616078,0.145935000506227,0.0461476156727751,0.0603219601093449,0.0812999898754683,0.0735041004353549,0.054652222334717
"PD11743",0.0358950367881597,0.0466125122272785,0.0975205205630928,0.107344873048952,0.0347042061838132,0.0451239739718454,0.0278569302088207,0.0882915833794071,0.126398162718496,0.0823374303576745,0.100199889422872,0.0531620805511845,0.0912686598902735,0.06328414068813
"PD11744",0.0308340727595386,0.0789707187222715,0.124519372966578,0.167480035492458,0.0411860396332446,0.0277284826974268,0.00702454895001479,0.0805235137533274,0.0525732031943212,0.081558710440698,0.0976042590949423,0.0675835551611949,0.0670659568175096,0.0753475303164744
"PD11745",0.0194170236543118,0.0487520953622649,0.0969919910597877,0.0216986403427081,0.0819985099646117,0.0647234121810393,0.0389737381262805,0.118178431737754,0.0670050288694357,0.110355745948966,0.0409294095734774,0.0582045073570497,0.138061091450922,0.0947103743713913
"PD11748",0.0332377807612758,0.0687131850454177,0.0376404562332934,0.0441598026053195,0.0724385258294326,0.015796412545206,0.0414504638533087,0.154734690421762,0.221198156682028,0.014780410513202,0.0373864557252924,0.138817325253698,0.0633791743773964,0.0562671601533679
"PD11750",0.022272060482961,0.0866480478447303,0.0250366734371474,0.00894267659670503,0.110542202663056,0.0132870683818551,0.208192281651997,0.0634450462649515,0.184199390656737,0.057619611825773,0.0276038140374633,0.144507447528775,0.0206922816519973,0.027011396975852
"PD11751",0.0384819396677104,0.0526153688209024,0.0210547028728847,0.0510582961175847,0.124001163526855,0.0356073439077392,0.0811816641856168,0.0993275499204353,0.205807367862704,0.0452492171859761,0.0623171295108054,0.116096025186934,0.0239292986328559,0.0432729326009958
"PD11752",0.0299988847998216,0.0612244897959184,0.164659306345489,0.0787888926062228,0.0439203003605814,0.0310397382996915,0.0158172558640943,0.0484740344225122,0.081651239730865,0.0378052860488458,0.0404074197985205,0.0872458272926657,0.160625999033493,0.118341325601279
"PD11753",0.111837207378609,0.074054925965754,0.0643560261394656,0.074054925965754,0.0387335594341964,0.0459715443791877,0.0141244106212259,0.0521962114318802,0.163226900488047,0.0775291587393498,0.114587641657705,0.0424973116055919,0.0620398709570684,0.0647903052361651
"PD11755",0.0309877666565565,0.0561116166211708,0.0515114750783541,0.0677888989990901,0.0497421898695784,0.0217874835709231,0.0596501870387221,0.0897280355879082,0.176423010817915,0.0472651905772925,0.0469113335355374,0.173592154483874,0.0596501870387221,0.0688504701243555
"PD11756",0.0211814544598729,0.0464423001490547,0.142543343531811,0.164509296305013,0.0299678355691535,0.134306111241861,0.0173374127245626,0.0695065505609163,0.0299678355691535,0.0546795324390053,0.0623676159096258,0.0969639915274182,0.0607201694516357,0.0695065505609163
"PD11757",0.0327529613243899,0.0342514628228914,0.0217639503353789,0.0657199942914229,0.125160553731982,0.0292564578278864,0.156129584701013,0.0976880262594548,0.141144569715998,0.0522334808049094,0.0347509633223919,0.15313258170401,0.0347509633223919,0.0212644498358784
"PD11760",0.0196984855279953,0.0465036050643392,0.194776968986097,0.0815193017559596,0.0172836098940905,0.0518163314589299,0.00738261979508055,0.0561631075999586,0.0315313761341291,0.0469865801911202,0.0315313761341291,0.0484355055714631,0.254907372270328,0.11146375961638
"PD11761",0.03792942639515,0.0796414321985595,0.062593916783253,0.0506243846831442,0.0455464013679465,0.0945126690502098,0.0259598942950412,0.0916109642986683,0.0491735323073734,0.134411109383906,0.115912741592829,0.0963262345199233,0.0546142287165138,0.0611430644074823
"PD11762",0.0328315182575272,0.0709481101857783,0.089445868033312,0.160634208840487,0.0322709801409353,0.0883247918001281,0.0289077514413837,0.0204996796925048,0.0513292761050609,0.104580397181294,0.0793561819346573,0.0485265855221012,0.101777706598334,0.0905669442664958
"PD11765",0.0421888053467001,0.0982316903369535,0.0602199944305207,0.154761904761905,0.0397521581732108,0.0514480646059593,0.0231829573934837,0.0719159008632693,0.0436507936507936,0.0962823725981621,0.114313561681983,0.136243386243386,0.0363408521303258,0.0314675577833473
"PD11766",0.0284076954564061,0.0908718788374949,0.0788374948833402,0.108636921817438,0.0312730249693,0.0668031109291854,0.0753990994678674,0.0553417928776095,0.0822758902988129,0.109783053622595,0.112648383135489,0.0639377814162914,0.0593532541956611,0.0364306180925092
"PD11767",0.0212964402300637,0.0593813150940463,0.0920254935488885,0.181252914658791,0.0169438831027514,0.0387066687393129,0.0115031866936111,0.0724389864759832,0.0931136328307166,0.131198507694699,0.0767915436032955,0.0408829473029691,0.105083164930825,0.0593813150940463
"PD11769",0.0347468558529507,0.0584488874556595,0.195582070299903,0.0979522734601741,0.0426475330538536,0.059577555627217,0.0200741696227024,0.077636246372138,0.0590132215414382,0.0804579168010319,0.129554982263786,0.0432118671396324,0.0652208964850048,0.0358755240245082
"PD11816",0.0119604601259366,0.0523446019629226,0.05283709149752,0.116614486227882,0.0474197066169487,0.128926724592817,0.139761494353959,0.0518521124283252,0.0636718612586625,0.067365532768143,0.0873113589193373,0.0279663700003518,0.0806627502022725,0.0713054490449221
"PD11818",0.0275356063875701,0.0619766940008632,0.103668536901165,0.162278808804489,0.0444540353905913,0.0408286577470868,0.0263271471730686,0.0299525248165732,0.0680189900733707,0.0480794130340958,0.107898144151921,0.104876996115667,0.0825205006473889,0.0915839447561502
"PD11819",0.0291310072416063,0.0636932192231731,0.111504279131007,0.146642527978934,0.0250987491770902,0.0233706385780118,0.0187623436471363,0.0533245556287031,0.0786701777485188,0.122448979591837,0.076366030283081,0.0896148782093483,0.0619651086240948,0.0994075049374589
"PD13162",0.0158730158730159,0.0543768662580544,0.0666614280475667,0.0501597778825502,0.0877468699250877,0.102781706742103,0.304835245429305,0.0255906543035256,0.0818796165330819,0.0532767562470533,0.0461260411755461,0.0802294515165802,0.0133060925140133,0.0171564775525172
"PD13163",0.0245366330874382,0.0659950820972476,0.081727082837577,0.0665503291822004,0.0498929166336162,0.118373390444462,0.12003913169932,0.0489675048253616,0.0756193649030962,0.115597155019698,0.0554453874831443,0.0622934348642289,0.0495227519103144,0.0654398350122948
"PD13164",0.0395279323850752,0.0521541950113379,0.112399505256648,0.0784889713461142,0.0424139352710781,0.0586477015048444,0.0431354359925789,0.0774067202638631,0.0795712224283653,0.0795712224283653,0.0896722325293754,0.0655019583591012,0.109152752009895,0.0723562152133581
"PD13165",0.0163622951918993,0.00869526342848202,0.0756644388313924,0.0373292800143058,0.0337304691865793,0.188792274850795,0.0966314236537989,0.0648680063482129,0.0507857031092831,0.0254375572792096,0.0362339897623891,0.0529762836131167,0.207725149205356,0.10476786552518
"PD13166",0.0275394492110158,0.0712185756284874,0.117417651646967,0.0548389032219356,0.0682786344273115,0.0699586008279834,0.0997780044399112,0.0628187436251275,0.0266994660106798,0.0947381052378952,0.0497990040199196,0.0607187856242875,0.102297954040919,0.0938981220375592
"PD13167",0.0246726796624964,0.0625545533895839,0.164387547279604,0.0983997672388711,0.0499272621472214,0.0702938609252255,0.058073901658423,0.0417806226360198,0.0711085248763457,0.0450392784405004,0.0898457957521094,0.101658423043352,0.0674425370963049,0.0548152458539424
"PD13168",0.0254349994458606,0.02776238501607,0.18175773024493,0.110384572758506,0.032417156156489,0.141416380361299,0.0572426022387233,0.0397872104621523,0.0200044331153718,0.032417156156489,0.0727585060401197,0.0591820902138978,0.110772470353541,0.088662307436551
"PD13296",0.0546678525424768,0.0583174875789732,0.0352925841869595,0.0227872170766117,0.0830598662822793,0.0180641599705576,0.0848846838005275,0.140058578175796,0.155837882598295,0.0424308409495185,0.0581028031650617,0.170275409433847,0.041733116604306,0.0344875176347911
"PD13297",0.0257830913099673,0.049998099292937,0.0109480726830381,0.0102828252109785,0.0531247624116171,0.0929730859879875,0.0484015053599939,0.0105489241998023,0.156903368052916,0.0409507336729263,0.361267391469627,0.0831274234015054,0.00402949897361819,0.051661217973086
"PD13298",0.0276311546360257,0.0358288497768122,0.0692136662197254,0.0883416215482272,0.0713521953868871,0.0383238004718342,0.0604219351991717,0.0544815764015004,0.0955888592813863,0.0775301685364653,0.0529370831141058,0.123508545630442,0.117805801184677,0.0870347426127395
"PD13299",0.0234187694549308,0.0378833035300351,0.0218425061262335,0.0223988343598914,0.137280614610239,0.0836876614345321,0.265885157957481,0.0652361083515465,0.100284787071992,0.0297238227697198,0.0378833035300351,0.116974634081727,0.0216570633816809,0.0358434333399563
"PD13302",0.0211426260759055,0.0993876725781295,0.143059326439836,0.072092888914563,0.017705505170123,0.065016463520305,0.019929524579747,0.0819998844665242,0.0646120963549188,0.116775460689735,0.0838195367107619,0.034082375368263,0.105655363641615,0.0747212754895731
"PD13304",0.0303582824323092,0.0577992524386909,0.205852858054517,0.0641808733704075,0.0348254170845109,0.0329109308049959,0.0144042301030176,0.0590755766250342,0.0571610903455192,0.115872002917312,0.109490381985596,0.0603519008113775,0.0980034643085058,0.0597137387182059
"PD13306",0.0161712083677402,0.0691577208918249,0.12214423341591,0.111546930911093,0.0441095513349849,0.158271401045968,0.0103908615469309,0.0889072391962565,0.0643407652078172,0.0364024222405725,0.0831268923754473,0.0580787228186072,0.0653041563446188,0.0720478943022296
"PD13307",0.016578091536448,0.0382327278496074,0.0841331535390391,0.0517437402501256,0.036566986594749,0.315486105602708,0.154094286243092,0.0491525871870125,0.0648845879273419,0.0304592686602681,0.0545199756748896,0.0123211972184765,0.0630337643108326,0.0287935274054097
"PD13310",0.0311384521910838,0.102377155008734,0.170426065162907,0.160856687172477,0.0311384521910838,0.0407078301815144,0.012531328320802,0.0662261714893294,0.0736690210374421,0.0646312751575909,0.120452646768436,0.02475886686413,0.0603782182729551,0.0407078301815144
"PD13311",0.0466165413533835,0.0933270676691729,0.0207393483709273,0.0457393483709273,0.0426691729323308,0.012406015037594,0.043984962406015,0.0889411027568922,0.202537593984962,0.0599937343358396,0.0450814536340852,0.179291979949875,0.0731516290726817,0.0455200501253133
"PD13312",0.0616945434603784,0.10536057033178,0.108239649026597,0.111118727721415,0.0261859062242939,0.0261859062242939,0.0204277488346586,0.0204277488346586,0.0520976144776529,0.0924047162051001,0.0933644091033726,0.138469975322183,0.0924047162051001,0.0516177680285166
"PD13416",0.0158730158730159,0.0812324929971989,0.156144509085686,0.118437118437118,0.0490555196437549,0.0480499892264598,0.00833153774330245,0.082238023414494,0.0188896071249012,0.113409466350643,0.13452560511384,0.0440278675572793,0.069668893198305,0.0601163542340013
"PD13418",0.0209348831396076,0.0318710161229846,0.0963212931716869,0.0428071491063617,0.0808648918885139,0.154064075323918,0.232658417697788,0.0379952505936758,0.0734283214598175,0.0500979044286131,0.0587009957088697,0.0468899720868225,0.0359538391034454,0.0374119901678957
"PD13419",0.0267700775581686,0.0477858393795347,0.115211408556417,0.135351513635226,0.0258944208156117,0.0793094821115837,0.0241431073304979,0.0617963472604453,0.0451588691518639,0.175631723792845,0.05479109331999,0.0793094821115837,0.0530397798348762,0.075806855141356
"PD13420",0.027495517035266,0.113792588164973,0.128959952181709,0.124775851763299,0.0505080693365212,0.0353407053197848,0.0138971906754334,0.0661984459055589,0.127390914524806,0.0714285714285714,0.109608487746563,0.0437089061566049,0.0489390316796175,0.0379557680812911
"PD13422",0.0191759722757027,0.0552945706584521,0.150712360415864,0.112976511359261,0.0267231420870235,0.0552945706584521,0.0159414709279938,0.0450519830573739,0.074162495186754,0.0649980747015787,0.108663842895649,0.073084328070851,0.130227185213708,0.0676934924913362
"PD13424",0.0323604966462109,0.0443485086342229,0.169473383759098,0.0458470101327244,0.0421007563864707,0.0485942628799772,0.0401027543884687,0.105037819323534,0.0635792778649922,0.0875553018410161,0.0900528043385186,0.0628300271157414,0.103289567575282,0.0648280291137434
"PD13425",0.0145453643369828,0.0113038732510833,0.0212888234710416,0.0220991962425165,0.145160089967916,0.145709985777131,0.393886647041312,0.0216071842026924,0.0593474018456653,0.0147479575298515,0.0190602983494857,0.0499123474349221,0.0482916018919724,0.0330392286574273
"PD13426",0.0358571948240919,0.081692043860105,0.141350101335551,0.107519617523255,0.0129397703060853,0.0696876786363873,0.0136673075923713,0.0769630514992465,0.062412305773528,0.117341370888115,0.131892116613834,0.0689601413501013,0.0522267837655251,0.0274905160318038
"PD13427",0.0232866795366795,0.103523166023166,0.128016409266409,0.166867760617761,0.0536920849420849,0.0131515444015444,0.0241312741312741,0.0553812741312741,0.0536920849420849,0.0916988416988417,0.0832528957528958,0.0477799227799228,0.107746138996139,0.0477799227799228
"PD13428",0.0347267939433838,0.0871461487820935,0.0796576695194207,0.189104674127716,0.0180217248189598,0.0476876234364714,0.0318466096115866,0.0401991441737986,0.0525839368005267,0.0623765635286373,0.120268268597762,0.108459512837393,0.0733212639894668,0.0546000658327847
"PD13602",0.037486825716202,0.0453674427517486,0.0892976909073488,0.0708536935901121,0.0525773689757593,0.0364807894988982,0.0391635527450417,0.0307799176008432,0.133563284468717,0.0777282744083549,0.0820877646833381,0.094160199290984,0.130042157708154,0.0804110376544984
"PD13603",0.0364712358932012,0.0531700155977613,0.103587485090375,0.089457748417286,0.0682631434076521,0.0984493990274337,0.0685842737865859,0.032617671345995,0.0197724561886412,0.0878520965226167,0.0525277548398936,0.0958803559959629,0.105193136985044,0.0881732269015506
"PD13604",0.00280800657604162,0.00229271973303234,0.00835807528095402,0.00431092653481867,0.119337979094077,0.388253300289542,0.394855412965598,0.01077348235756,0.000983032340383766,0.00206728173921578,0.0144019605437503,0.0154432693723316,0.0263394390734652,0.00977511409922952
"PD13605",0.0361579414374445,0.0679902395740905,0.102928127772848,0.160381543921917,0.0734250221827862,0.028393966282165,0.0353815439219166,0.0905057675244011,0.0959405501330967,0.0547914818101153,0.0656610470275066,0.0710958296362023,0.0742014196983141,0.0431455190771961
"PD13606",0.0207927694045816,0.022811951635778,0.13285738323598,0.0599985577269777,0.0462008124804692,0.045022956178938,0.0246628686810413,0.0714405903704238,0.0594937621691786,0.115862599456744,0.0541092762193216,0.0517535636162592,0.192928054614072,0.102064854210235
"PD13607",0.0277326029273303,0.0741675939399127,0.131087905503723,0.0684755627835316,0.0519986304887443,0.0861508174270307,0.0675768210219978,0.0463065993323633,0.0648805957373962,0.0879483009500984,0.0570915004707695,0.035821278781135,0.105024394419242,0.0957373962167252
"PD13608",0.0306883398054916,0.0773566101927901,0.0966012577751813,0.0597958692738582,0.0417540121653665,0.174782638578645,0.228186535619781,0.0480085226296436,0.0388673150280078,0.0388673150280078,0.0802433073301488,0.0388673150280078,0.0263582940994536,0.0196226674456167
"PD13609",0.00811005647002283,0.0335516039889463,0.0369157755616965,0.0486903760663222,0.0915835636188874,0.224678601465818,0.332121831070527,0.0381773399014778,0.0150486603388201,0.0421722936441187,0.0396491649645561,0.0592034122311666,0.0118947494893668,0.0182025711882735
"PD13618",0.0242015021622032,0.0778393141643274,0.112358698126091,0.136256733176542,0.0364160534102117,0.121386844700706,0.0326985812912526,0.0608451559062287,0.0364160534102117,0.0895227979667704,0.115014035353919,0.0682801001441469,0.0507548744404825,0.0380092557469084
"PD13619",0.0257037134927977,0.0603938152504295,0.134861900356812,0.15521342672129,0.0266287828730012,0.0474428439275803,0.0183031584511695,0.059468745870226,0.0580811417999207,0.126998810625083,0.0978591251486719,0.0659442315316506,0.0395797541958504,0.0835205497555174
"PD13620",0.0212072780919597,0.0642365379886894,0.169443078436194,0.0162589132038358,0.0556306860093435,0.0427219080403246,0.021637570690927,0.0715515121711335,0.0749938529628719,0.153522252274404,0.0792967789525449,0.0272313744775018,0.12146545365134,0.0808028030489304
"PD13622",0.0128425490514026,0.0412193935462948,0.154726771525863,0.0668720609696773,0.0142046375871575,0.0339549213556024,0.0153397113669531,0.0673260904815956,0.0450786443976001,0.0584725149991892,0.0362250689151938,0.138835738608724,0.218971947462299,0.0959299497324469
"PD13623",0.0139146567717996,0.051317254174397,0.0617068645640074,0.0845640074211503,0.0279406307977737,0.321966604823748,0.125343228200371,0.029239332096475,0.0604081632653061,0.0476808905380334,0.0915769944341373,0.0206679035250464,0.0448237476808905,0.0188497217068646
"PD13625",0.263138579907116,0.0264479961530187,0.0906698049934829,0.016881161180922,0.0415954848588386,0.0403553395846779,0.0117434164736849,0.158789213267024,0.0176783974285967,0.0406210850005695,0.0404439213899751,0.0533768649633651,0.127076926970629,0.0711818078281007
"PD13626",0.0386957624968282,0.0822126363867039,0.128393808678001,0.15592489215935,0.0218218726211621,0.0342552651611266,0.0378076630296879,0.0884293326566861,0.0395838619639685,0.0893174321238264,0.0848769347881248,0.0733316417153007,0.0369195635625476,0.0884293326566861
"PD13627",0.0402227306372384,0.10557835946437,0.0308020994549492,0.0157290895632865,0.0673070452863199,0.0147870264450575,0.0654229190498621,0.108169033039499,0.250420563892066,0.0650696453805262,0.041871341094139,0.14384967364242,0.0170244263508512,0.0337460466994146
"PD13629",0.0233628805057376,0.0983989555418127,0.148904006046863,0.0969559540988112,0.0262488833917405,0.155157012299869,0.0430839002267574,0.053665910808768,0.0392358963787535,0.0320208891637463,0.0940699512128084,0.0401978973407545,0.0709819281247853,0.077715934858792
"PD13630",0.0222688064881955,0.0345372693219698,0.0932334444482628,0.0419945702601464,0.0855355854153064,0.149764596721537,0.131722739613045,0.102374652049899,0.0302072236159318,0.0566686140417196,0.0759132616241108,0.0686965187807141,0.0660503797381353,0.0410323378810268
"PD13631",0.0232082278821819,0.0786171988584352,0.100102310053309,0.104625491357493,0.0537397016854235,0.0774864035323892,0.0348931129179904,0.06881697269937,0.0571320876635615,0.0948252651984277,0.0808787895105272,0.0281083409617145,0.140057078240267,0.0575090194389101
"PD13752",0.0841453055513916,0.075750762004697,0.118423025033728,0.0554639484335182,0.0323789536801079,0.0484684954779393,0.0166391845300555,0.105481437065907,0.0743516714135812,0.0747014440613601,0.132413930944886,0.0274821366112027,0.109328936191476,0.0449707690001499
"PD13753",0.00516736215928261,0.00864778478202965,0.0307733285980645,0.0407173932344846,0.0818609606676729,0.26048122169937,0.368498623812483,0.037485572227648,0.0269200035514517,0.0266714019355412,0.0326378407173932,0.0312705318298855,0.017224540530942,0.0316434342537512
"PD13754",0.0221327967806841,0.108987256874581,0.113682092555332,0.117203219315895,0.0432595573440644,0.0236977420076012,0.0256539235412475,0.0436507936507936,0.0988151128996199,0.152805723228258,0.0639950816007154,0.0291750503018109,0.0917728593784932,0.0651687905209032
"PD13755",0.0279815853833981,0.105524384980578,0.112070205725795,0.132211192634153,0.0184146166019278,0.0531578190188462,0.0274780607106891,0.0919292188174363,0.043087325564667,0.0959574161991081,0.106531434325996,0.0581930657459358,0.0350309308013236,0.0924327434901453
"PD13756",0.0255843546982787,0.0832496148951845,0.108097247337754,0.176076619114594,0.0396490523072802,0.0335543500100462,0.0138637733574442,0.0551202196771817,0.0719978568079834,0.0476190476190476,0.0809054986270176,0.0541825731699149,0.109972540352287,0.100127252025986
"PD13757",0.0263965052514174,0.0485175202156334,0.103820057626173,0.057626173436193,0.0263965052514174,0.204665861139511,0.108374384236453,0.0413607212566224,0.0387582489078911,0.109675620410819,0.064782972395204,0.0543730830002788,0.0732410075285807,0.0420113393438052
"PD13758",0.0304688925378581,0.0930487137383689,0.063674511950374,0.141580003648969,0.0287660402602931,0.0364288755093353,0.0142917959009913,0.0364288755093353,0.0572888159095056,0.140728577510187,0.151797117314359,0.106671531958888,0.0572888159095056,0.04153743234203
"PD13760",0.0280895449554715,0.054989630352568,0.0475173844089301,0.0556301085763084,0.0588324996950104,0.0415395876540198,0.110070757594242,0.187568622666829,0.133981944613883,0.0509332682688789,0.0526412101988532,0.0671587166036355,0.0722825423935586,0.0387641820178114
"PD13761",0.0198915009041591,0.0509616965313168,0.0814565181653789,0.16718724313661,0.0331251027453559,0.0526878185106033,0.0158638829524905,0.0486602005589347,0.03772809469012,0.0918132500410982,0.1556797632747,0.0630445503863225,0.102169981916817,0.0797303961860924
"PD13762",0.0302826944048318,0.0878282023320191,0.118362553477057,0.116013757235131,0.0191259122556832,0.0302826944048318,0.0226491066185723,0.0749098230014261,0.0590554483684255,0.108967368509353,0.135391326231021,0.0326314906467578,0.113077761932724,0.0514218605821659
"PD13763",0.0472910174402712,0.0614509868241212,0.145262697501503,0.133398939369089,0.0308348368049861,0.0553277568202941,0.0136132524192226,0.139904871248155,0.0717839374555792,0.0775244655841671,0.0913017330927779,0.0384888743097698,0.0694877262041441,0.0243289049259198
"PD13764",0.0322892271662764,0.0716334894613583,0.086387587822014,0.0312646370023419,0.0240925058548009,0.0499121779859485,0.0783957845433255,0.0984777517564403,0.0947892271662763,0.155444964871194,0.0794203747072599,0.0861826697892272,0.0911007025761124,0.0206088992974239
"PD13765",0.0124021393690412,0.0183706689403922,0.128155440146759,0.035914528589515,0.018189804407927,0.0482133167971475,0.0247009275766736,0.0411596000310053,0.0594269178099889,0.0426065162907268,0.0460429424075653,0.0384466320440276,0.377205901351316,0.109164664237914
"PD13766",0.0189275607335808,0.0243301848653019,0.0382226469182991,0.0775846227351244,0.0284464699180418,0.36418096953214,0.202102245580506,0.0196993641809695,0.0266455952074681,0.0438825388658165,0.0755264802087545,0.0323054871549855,0.0281892021022456,0.0199566319967658
"PD13767",0.0322066326530612,0.0504357993197279,0.0987988945578231,0.125584608843537,0.0284863945578231,0.115539965986395,0.0258822278911565,0.0917304421768707,0.048203656462585,0.0578762755102041,0.110703656462585,0.0489477040816327,0.0991709183673469,0.0664328231292517
"PD13768",0.0160994497656409,0.104544528224985,0.182290605257795,0.0931322600366823,0.0396372529040147,0.0317913185245568,0.0111065824332586,0.0310780517627879,0.0360709190951702,0.150193600978194,0.120949663745669,0.0638883228041573,0.0581821887100061,0.0610352557570817
"PD13770",0.0317385761256123,0.0632087499161243,0.148694893645575,0.0918606991880829,0.0232839025699524,0.0608602294839965,0.0190565657921224,0.0674360866939542,0.0322082802120378,0.0636784540025498,0.0787089847681675,0.0848151378916997,0.191907669596725,0.0425417701134
