"","1","2","3","4","5","6","7","8","9","10","11","12"
"PD10010",0.0605266693537552,0.0456133279591563,0.0919656052666935,0.0609297326346903,0.0548837834206637,0.0947870482332393,0.114134085718124,0.0947870482332393,0.0302969232836222,0.184670159881768,0.105266693537552,0.0621389224774956
"PD10011",0.0556556917407674,0.107686453576865,0.029219738844829,0.109488904910679,0.0186453576864536,0.0212889529760474,0.232295922454538,0.0298205559561003,0.119582632380037,0.210786669871025,0.0345069294240167,0.031022190178643
"PD10014",0.0760711841204654,0.25315537303217,0.0249007529089665,0.0888021902806297,0.0239151266255989,0.0664613278576318,0.06580424366872,0.096933607118412,0.0397672826830938,0.176030116358658,0.0420670773442847,0.0460917180013689
"PD11326",0.045894468554109,0.259781635324103,0.0270889302197424,0.0638733898188331,0.0364916993869257,0.0612902114762003,0.0648033340221809,0.0886719019081077,0.0292588000275539,0.174950058552042,0.050544189570848,0.0973513811393539
"PD11327",0.0832092962527745,0.227745136440789,0.0110588849719284,0.0398093745919833,0.0232798015406711,0.100600600600601,0.0796056926491709,0.0828959394176786,0.0295469382425904,0.23542237890064,0.024219872045959,0.0626060843452148
"PD11336",0.0443951493640935,0.0971014492753623,0.127447500739426,0.0449275362318841,0.104199940845904,0.13117420881396,0.0525584146702159,0.067287784679089,0.128334812185744,0.0752735876959479,0.102425317953268,0.024874297545105
"PD11337",0.0304728359483403,0.0829864446579144,0.12749493008859,0.058650869890063,0.0845874693136941,0.151510299925286,0.156313373892625,0.0580104600277511,0.0135019745970755,0.0765823460347956,0.0727398868609243,0.0871491087629416
"PD11338",0.0566666666666667,0.0779432624113475,0.183049645390071,0.108581560283688,0.0447517730496454,0.0958156028368794,0.0473049645390071,0.13709219858156,0.0311347517730496,0.0783687943262411,0.125177304964539,0.014113475177305
"PD11339",0.052798242212744,0.046206540002585,0.211774589634225,0.0842057645082073,0.0423290681142562,0.0865322476412046,0.110960320537676,0.142755590021972,0.0213907199172806,0.0524104950239111,0.114062298048339,0.0345741243375986
"PD11340",0.0682766262547256,0.105625081475688,0.091350540998566,0.0549797940294616,0.0923282492504237,0.138867162038848,0.118530830400209,0.0219332551166732,0.0301460044322774,0.0762938339199583,0.146297744752966,0.0553708773302047
"PD11341",0.0324128476302389,0.122307089698394,0.152859381120251,0.0723658441049745,0.127594986290638,0.06825303564434,0.117606737171955,0.0999804151978065,0.0271249510379945,0.0465139052095574,0.0700156678417548,0.0629651390520956
"PD11342",0.0566815697963239,0.0697963238946845,0.112717337307501,0.0584699453551913,0.21852955787382,0.0611525086934923,0.0525086934923001,0.0948335817188276,0.0131644311972181,0.0644311972180825,0.0906607054148038,0.107054148037755
"PD11343",0.0935760409708306,0.123302159875306,0.128646181251392,0.0635159207303496,0.0591739033622801,0.095914050322868,0.0661879314183923,0.119628145179247,0.0194277443776442,0.0995880650189268,0.0842240035626809,0.0468158539300824
"PD11344",0.0072365649635915,0.00543118493109466,0.0167148101341999,0.0101251730155864,0.419314557380995,0.0134651260757056,0.00687548895709213,0.0149996991033279,0.00218150087260035,0.0188812661731961,0.0330534994282963,0.451721128964314
"PD11345",0.055876037560491,0.0413582027369163,0.0416466365413582,0.0230907284555972,0.35940454443483,0.100294843444541,0.0421273595487613,0.0312630195814505,0.0155914495401083,0.0341473576258693,0.0377047078806525,0.217495112649425
"PD11346",0.0718047253060063,0.0376458867065186,0.11023341873043,0.0478935382863649,0.159763734699687,0.0807714204383718,0.157628807287219,0.0325220609165955,0.0197124964417876,0.0730856817534871,0.108952462282949,0.0999857671505835
"PD11347",0.0524587538042608,0.0438090661540926,0.131747557264136,0.0659138234823002,0.174034919109403,0.0428479897485183,0.0827326605798494,0.110123338138715,0.0207432324203107,0.0990709594746116,0.104837417908057,0.0716802819157456
"PD11348",0.0739459815546772,0.119795783926219,0.185210803689065,0.055961791831357,0.0435111989459816,0.152206851119895,0.0490447957839262,0.0933135704874835,0.0332345191040843,0.0668313570487484,0.0861989459815547,0.0407444005270092
"PD11349",0.0780326265724319,0.103769391474419,0.0676312397208517,0.0554962883940081,0.140574298795395,0.0648308663377339,0.091101035693648,0.0960350268924745,0.0254922878606036,0.0781659776859137,0.0840334266791128,0.114837533893408
"PD11352",0.0808674759736975,0.0880753667172483,0.15104957005564,0.105526049570056,0.149152756702074,0.0471041982802226,0.0463454729387962,0.0926277187658068,0.0182726353060192,0.0641755184623166,0.140806777946383,0.01599645928174
"PD11355",0.0980755649717514,0.0710628531073446,0.13674081920904,0.0562323446327684,0.0461687853107345,0.240554378531073,0.065236581920904,0.139389124293785,0.0207450564971751,0.0641772598870056,0.0466984463276836,0.0149187853107345
"PD11357",0.086079517838048,0.0749975697482259,0.197773889374939,0.0916204918829591,0.0429182463303198,0.0668319237873044,0.09657820550209,0.198357149800719,0.0315446680276077,0.0356274910080684,0.0577913871877126,0.0198794595120054
"PD11358",0.07314751351763,0.0400198004721651,0.112215368212627,0.0432183382834514,0.300243698118955,0.0612672302185668,0.0452745411621354,0.13437666590511,0.0142030309953545,0.0400198004721651,0.0932526083314294,0.0427614043104105
"PD11359",0.0648625429553265,0.0630216003927344,0.150282277859597,0.0924766813942072,0.0670716740304369,0.0987358861070201,0.104995090819833,0.143654884634266,0.030252822778596,0.0655989199803633,0.0829037800687285,0.0361438389788905
"PD11360",0.11534007159402,0.056590861233944,0.166824594651506,0.0695409559907349,0.0442724784165087,0.12544746262371,0.111865655927564,0.110602232048852,0.0269004000842283,0.0663823962939566,0.082175194777848,0.0240576963571278
"PD11361",0.0655198345553676,0.0886444820454973,0.224572288024065,0.0570595976687347,0.0677758977251363,0.0880804662530551,0.0813122767437488,0.127561571724008,0.0288588080466253,0.063827787178041,0.0886444820454973,0.0181425079902237
"PD11364",0.0578345193246826,0.0904841635272778,0.177131296218781,0.0858797265243477,0.0502999860471606,0.0800195339751639,0.0992744523510534,0.126901074368634,0.030207897307102,0.0678805636947119,0.084623970978094,0.0494628156829915
"PD11365",0.0742349048800662,0.0662068797742422,0.0127110397508879,0.578102953340145,0.0143166447720527,0.0230015082956259,0.132474577920498,0.0073833503624775,0.0630686517783292,0.0116163090546392,0.00884299129080913,0.00804018878022673
"PD11366",0.0543917075831969,0.0324604473540644,0.144080741953082,0.0975995635570104,0.070430987452264,0.137206764866339,0.0972722313147845,0.127714129841789,0.0252591380250955,0.0730496453900709,0.124440807419531,0.0160938352427714
"PD11367",0.0681965749533317,0.226706436165896,0.0775708140573005,0.073066309552796,0.0311865919974028,0.0701444687931174,0.0595527960392825,0.117867867867868,0.0321605389172957,0.132964045126207,0.0675878581283987,0.0429956984011038
"PD11368",0.0437869535717747,0.0565813705534555,0.103833478724435,0.0586168459823592,0.23424929727634,0.106450518561597,0.116337113501987,0.0596345836968111,0.0205243772414462,0.0283754967529321,0.0815886401085587,0.0900213240283028
"PD11369",0.04999460974558,0.0582416990081932,0.149444803794739,0.0588885295385942,0.133435748167313,0.101741052177663,0.111766925398879,0.073118801207417,0.0171679603277275,0.0671356188012074,0.0959195774040535,0.083144674428633
"PD11370",0.0437672435415099,0.0843992977175821,0.132555806370705,0.149862051667921,0.0257085527965889,0.0663406069726612,0.0851517431652872,0.13932781540005,0.0324805618259343,0.0949335339854527,0.122774015550539,0.0226987710057687
"PD11372",0.0181439476028799,0.0122926147992969,0.032447205567194,0.0195887211346288,0.320968479857449,0.0359869007199788,0.0132317175949337,0.0232728936405885,0.00723590743817573,0.0291242264441715,0.0260902020274989,0.461617183173204
"PD11374",0.103644334840389,0.0904918481983833,0.14680093163447,0.0719961638580627,0.0362378408001096,0.0789834223866283,0.115563775859707,0.060076722838745,0.0247294149883546,0.0921359090286341,0.141868749143718,0.0374708864227976
"PD11375",0.109963037634409,0.060567876344086,0.204217069892473,0.0555275537634409,0.0444388440860215,0.143733198924731,0.115507392473118,0.115003360215054,0.0192372311827957,0.0388944892473118,0.0852654569892473,0.00764448924731183
"PD11376",0.0990526754112013,0.0590776597959609,0.172132000832813,0.0634499271288778,0.0637622319383718,0.144649177597335,0.0984280657922132,0.104674161982095,0.0181657297522382,0.0350301894649178,0.120914012075786,0.0206641682281907
"PD11379",0.0255849457938795,0.0423099355015782,0.0143663373130232,0.0156014134760532,0.33677267737066,0.0442654727597091,0.0165791821051187,0.025893714834637,0.00819095649787292,0.0400456292026897,0.0178657197749417,0.412524015369837
"PD11380",0.0585439229843562,0.0325511432009627,0.147352587244284,0.079482551143201,0.0899518652226233,0.0802045728038508,0.0895908543922984,0.126052948255114,0.0213598074608905,0.0740673886883273,0.169735258724428,0.0311070998796631
"PD11381",0.0867101381773017,0.0578326346840553,0.115587641670548,0.0964912280701754,0.0606272317963049,0.0843813072504269,0.0909020338456761,0.159835429281168,0.0308181959323087,0.0727371526160534,0.130026393417171,0.0140506132588107
"PD11383",0.0837454038290858,0.0734753391657157,0.117978952706986,0.0924939774312159,0.0411436541143654,0.122163053125396,0.111892988462026,0.101242551033346,0.0396221630531254,0.0784201851147458,0.114555597819196,0.0232661341447952
"PD11384",0.0643192488262911,0.0423474178403756,0.167981220657277,0.0575586854460094,0.095868544600939,0.080093896713615,0.110516431924883,0.0986854460093897,0.0265727699530516,0.0891079812206573,0.103755868544601,0.0631924882629108
"PD11385",0.0775253828945104,0.105919807262089,0.147737050421614,0.0718464980209947,0.0517122698330752,0.0723627602822234,0.0940457752538289,0.150318361727758,0.0295129926002409,0.057391154706591,0.112114954396834,0.0295129926002409
"PD11386",0.0388014763014763,0.0819250194250194,0.14253108003108,0.0778457653457654,0.165549728049728,0.0478341103341103,0.0778457653457654,0.0929972804972805,0.0111208236208236,0.0795940170940171,0.123300310800311,0.0606546231546232
"PD11388",0.0895349606403387,0.112555401203943,0.146490705827876,0.0508368062446253,0.0563934643117021,0.117119798901899,0.065522259707614,0.0821922339088444,0.025038036647483,0.0869550836806245,0.11434146986836,0.0530197790566911
"PD11389",0.0377340281798881,0.0875313646014283,0.131538313066975,0.122273692337387,0.031943640223895,0.0678440455510519,0.0637907739818568,0.203918162516889,0.039471144566686,0.0516309592742714,0.147172360548157,0.0151515151515152
"PD11391",0.098313192346425,0.0560171198388721,0.084718026183283,0.109642497482377,0.043932527693857,0.0748992950654582,0.13230110775428,0.172331319234642,0.0401560926485398,0.0590382678751259,0.11039778449144,0.0182527693856999
"PD11393",0.114890160344706,0.0725082997810271,0.177827223281769,0.0352122624849898,0.0388147206329024,0.265981493254221,0.075686939323303,0.0803489439853076,0.0244048880412517,0.0405099950554496,0.040721904358268,0.0330931694568058
"PD11394",0.0456691751512469,0.0585067138851999,0.284712999852442,0.070016231370813,0.0425704589051203,0.100118046333186,0.0509812601446068,0.150140180020658,0.023535487678914,0.0443411539029069,0.108086173823226,0.0213221189316807
"PD11395",0.0656342182890855,0.126019434322402,0.128882526461912,0.0724015269824744,0.0424692000694083,0.120553531146972,0.0617300017352074,0.100251605066805,0.111703973624848,0.0653739371854937,0.0895800798195384,0.0153999652958529
"PD11396",0.0986586183769282,0.117169684775319,0.151374916163649,0.0700871898054997,0.0511737089201878,0.0934272300469483,0.102280348759222,0.116364855801476,0.0213950368879946,0.0358819584171697,0.105097250167673,0.0370892018779343
"PD11397",0.0812316314674322,0.112398332308113,0.143359989064315,0.0465791811906226,0.0769257056933907,0.183753673706514,0.0391975941494088,0.101736039915248,0.0322260952771512,0.0578566058369216,0.0654432369626136,0.0592919144282687
"PD11398",0.0417883465442915,0.144416631900987,0.135655680712001,0.0755805868446669,0.0367820887220136,0.0759977749965234,0.116882213878459,0.0830899735780837,0.0317758308997358,0.140661938534279,0.0805868446669448,0.0367820887220136
"PD11399",0.0369900357210002,0.0615247226922354,0.191248354953939,0.0829573228050385,0.0860594096634706,0.136256815190825,0.102979883436736,0.0931096070689979,0.024581688287272,0.0479883436736229,0.100723820266967,0.0355799962398947
"PD11402",0.0871804417969719,0.0555348721767188,0.153077686770911,0.0842020352444775,0.0566517746339042,0.0719161082154381,0.109890791759742,0.150099280218416,0.0186770910896004,0.0637254901960784,0.122549019607843,0.0264954082898982
"PD11462",0.0827852774893273,0.0675550940348448,0.175550940348448,0.0554401753778701,0.0564785969770393,0.104592131071882,0.102515287873543,0.129514249451944,0.0274027922003,0.0762086073612553,0.0779393100265374,0.0440175377870082
"PD11464",0.0358844659482443,0.0517190821787259,0.0706326515651345,0.0341250641448574,0.237335972436038,0.071512352466828,0.020269774943186,0.0374239425262078,0.0127923172787919,0.0574371380397332,0.0552378857854996,0.315629352686753
"PD11465",0.0377490671504211,0.0825700927687565,0.049739687034497,0.0350500715307582,0.221900210905122,0.0438992374968659,0.0538545492087371,0.0477486246921228,0.0176614604073566,0.0715086353111219,0.0404923085999145,0.297826054894326
"PD11740",0.0919323266219239,0.05292225950783,0.144365212527964,0.0848014541387025,0.0566974272930649,0.102418903803132,0.143526286353468,0.115841722595078,0.0206236017897092,0.0759927293064877,0.0948685682326622,0.0160095078299776
"PD11741",0.0662224415926291,0.0884336952945048,0.126439618295492,0.0375946034879895,0.0627673576834485,0.223675551168147,0.113112866074367,0.0760941099045739,0.0341395195788088,0.063754524514643,0.0420368542283646,0.0657288581770319
"PD11742",0.0496338294353886,0.183156154027876,0.0313489251122136,0.0579966926529648,0.0754311363099457,0.0832270257500591,0.0725962674226317,0.0822348216394992,0.0251122135601228,0.14020789038507,0.0682022206472951,0.130852823056934
"PD11743",0.0825146372928451,0.12985015381562,0.117346432469981,0.0735834077602461,0.045301180907016,0.0843008831993649,0.0938275280341371,0.092338989778704,0.0313089213059442,0.113476233005855,0.102163342264563,0.0339882901657239
"PD11744",0.0709972394755003,0.0891131815044858,0.151742581090407,0.0948067632850241,0.0316597653554175,0.0896307798481712,0.106711525189786,0.139837819185645,0.0249309868875086,0.0735852311939268,0.114475500345066,0.0125086266390614
"PD11745",0.109245980008692,0.131084311169057,0.0962081703607127,0.0336266840504129,0.0786071273359409,0.162700999565406,0.0857779226423294,0.0779552368535419,0.0215667101260322,0.0968600608431117,0.0450347674923946,0.0613320295523685
"PD11748",0.0687635819716084,0.235472582056275,0.0427708633195044,0.0744362599836311,0.0269381649874411,0.0797702706516524,0.0292241695594502,0.0587728953235684,0.0382835210114865,0.240213924872294,0.0508142127395366,0.0545395535235515
"PD11750",0.0362526329647183,0.121363217482886,0.0191712743549236,0.0877929173249078,0.029242364402317,0.0302297261716693,0.0812763296471827,0.0118647972617167,0.0264777514481306,0.269368746708794,0.0353640073723012,0.251596234860453
"PD11751",0.0495368706831157,0.139727312652214,0.0249830319000279,0.0617539026629936,0.0503154070347746,0.0642092865413024,0.0615143530163293,0.0557052740847207,0.040014772228211,0.261837745039326,0.0734319479378768,0.116970096219108
"PD11752",0.0939587128111718,0.0756136698759649,0.167338884551999,0.0784760170006072,0.0307268626940758,0.166818457802064,0.057789053690693,0.0809480440627982,0.0325483563188481,0.112824182496314,0.0776953768757047,0.0252623818197589
"PD11753",0.0802209998069871,0.0796419610113878,0.0781943640223895,0.0671926269060027,0.0476500675545262,0.0767467670333912,0.0961445666859679,0.0808000386025864,0.11974039760664,0.140151515151515,0.112647172360548,0.0208695232580583
"PD11755",0.0563222458126917,0.121431941495636,0.0570299598962019,0.0885232366124086,0.0290752535975466,0.0616301014390186,0.0725996697334277,0.0768459542344893,0.0357985373908941,0.256959188487851,0.0786152394432649,0.0651686718565699
"PD11756",0.0643419366648362,0.0550064067362255,0.192293611568735,0.0429251327109647,0.128592348526451,0.0511623650009152,0.0874061870766978,0.178564891085484,0.0341387516016841,0.0588504484715358,0.0791689547867472,0.0275489657697236
"PD11757",0.0605228105228105,0.12995337995338,0.0245587745587746,0.0285547785547786,0.0515318015318015,0.058025308025308,0.074009324009324,0.0954878454878455,0.0290542790542791,0.204878454878455,0.043040293040293,0.20038295038295
"PD11760",0.0886661836915399,0.0799726314094824,0.201682363358287,0.0756258552684537,0.0524430491829671,0.261088303952346,0.0577557755775578,0.0869757707478065,0.021049665942204,0.0164614022377848,0.0466473476615954,0.011631650969975
"PD11761",0.0472131543948737,0.10597267561359,0.0653488090920082,0.116128642243985,0.091464151855882,0.0896505863861685,0.16799661467779,0.0490267198645871,0.0385080401402491,0.082033611413372,0.115765929150042,0.0308910651674525
"PD11762",0.102111360239163,0.0656763826606876,0.122851270553064,0.100429745889387,0.0965059790732436,0.115564275037369,0.0600710014947683,0.0981875934230194,0.0449364723467863,0.0527840059790732,0.110519431988042,0.0303624813153961
"PD11765",0.0473521767381417,0.0780539311241066,0.0853638726445744,0.113141650422352,0.0512508122157245,0.0575860948667966,0.146767381416504,0.110705003248863,0.0366309291747888,0.103882391163093,0.132634827810266,0.0366309291747888
"PD11766",0.059694364851958,0.0700095510983763,0.0923591212989494,0.105539637058262,0.0837631327602674,0.0700095510983763,0.131900668576886,0.084909264565425,0.0270296084049666,0.084909264565425,0.122731614135626,0.0671442215854823
"PD11767",0.0752629669931085,0.098113891911498,0.127493652520856,0.0992020311933261,0.0328255350018136,0.0861443598113892,0.190605730866884,0.106819006166123,0.0186797243380486,0.0654697134566558,0.083968081247733,0.0154153064925644
"PD11769",0.05709179834462,0.0728931527464259,0.209462001504891,0.0695071482317532,0.0632994732881866,0.0943378480060196,0.0909518434913469,0.0920805116629044,0.0294394281414597,0.0632994732881866,0.131583897667419,0.0260534236267871
"PD11816",0.0667733727324961,0.040178937864237,0.0771156529590413,0.0404251826315357,0.136953131412624,0.0822867930723139,0.100262661085119,0.126118361651482,0.0175244192727571,0.0564310925059509,0.0896741360912747,0.166256258721169
"PD11818",0.0943605236656596,0.0605236656596173,0.131218529707956,0.0720040281973817,0.0442094662638469,0.0913393756294058,0.0550855991943605,0.143907351460222,0.0405840886203424,0.0889224572004028,0.138469284994965,0.0393756294058409
"PD11819",0.114151305683564,0.062884024577573,0.130280337941628,0.0841973886328725,0.02428955453149,0.0363863287250384,0.141225038402458,0.156778033794163,0.0404185867895545,0.0991743471582181,0.0847734254992319,0.0254416282642089
"PD13162",0.0370675956484537,0.0365175406429532,0.0719044126634886,0.0502689157804669,0.137177606649554,0.0247830338589414,0.0592531475369759,0.052285784133969,0.0154320987654321,0.124709693191541,0.0572362791834739,0.33336389194475
"PD13163",0.0690665679560738,0.074063791720649,0.0810969214633845,0.0762847800604602,0.134400641618854,0.054259979023999,0.135140971065457,0.0525942377691406,0.0250169658831513,0.093867604417299,0.0651798383614042,0.139027700660127
"PD13164",0.0523689273689274,0.0844757094757095,0.118025493025493,0.0664381914381914,0.0599446849446849,0.128126503126503,0.115860990860991,0.0891654641654642,0.0361351611351611,0.0819504569504569,0.115500240500241,0.052008177008177
"PD13165",0.0488447295676211,0.0859281280968028,0.0784175663693736,0.0314765555729411,0.194987743180514,0.216111198038909,0.0418035779481563,0.0687164241381109,0.019741302873833,0.0469670891357638,0.0673081938142179,0.0996974912637563
"PD13166",0.0550888982220356,0.0622287554248915,0.136147277054459,0.0882682346353073,0.0895282094358113,0.130687386252275,0.0882682346353073,0.0702085958280834,0.0282094358112838,0.0697886042279154,0.0655886882262355,0.115987680246395
"PD13167",0.0742023082145282,0.0208418194161575,0.176849966055669,0.063204344874406,0.0713509843856076,0.0774609640190088,0.0786829599456891,0.116564833672777,0.0269517990495587,0.142226748133062,0.0843856076035302,0.0672776646300068
"PD13168",0.0663951383501422,0.0617403672097233,0.197892423066977,0.0388544091026636,0.14203516938195,0.107124385828808,0.0613524696146884,0.0982027411430049,0.0206232221360228,0.0380786139125937,0.102081717093354,0.0656193431600724
"PD13296",0.0577053814226421,0.205891298125089,0.0309235007871762,0.0529286532131101,0.0302257764419636,0.0573296836982968,0.0673661800486618,0.0498694003148705,0.0511575067983398,0.231116716759697,0.0609256476313153,0.104560254758838
"PD13297",0.102658772396665,0.0513016675536633,0.00879235408905446,0.0405246585062977,0.0919482880965052,0.0352026787298208,0.031610342380699,0.0021398793684584,0.031543817633493,0.195859943232216,0.352924871385489,0.0554927266276388
"PD13298",0.0806898736683696,0.0800958377886024,0.0759375866302325,0.0598986178765197,0.0461169854659221,0.143301255395826,0.103738465803335,0.0795018019088353,0.024969308146212,0.163379668131955,0.0656013623222843,0.0767692368619065
"PD13299",0.0358986246329779,0.106366867562973,0.0206923195796631,0.0474887961675166,0.117215268119302,0.048508731262556,0.0426672848091485,0.0473960747952403,0.0232885180033998,0.149482305671457,0.0408128573636223,0.320182352032143
"PD13302",0.0792896616794716,0.0845464348294919,0.15389540369322,0.10799973042189,0.0722132362852136,0.105169160264187,0.149851732039358,0.0841420676641057,0.0196455047850115,0.0402682302197062,0.0823224154198679,0.0206564226984769
"PD13304",0.104126781535843,0.0352052754733036,0.194107636673048,0.0498830036162519,0.0447777068708785,0.102212295256328,0.150074452244203,0.11433737502659,0.0371197617528185,0.0556264624547969,0.0913635396724101,0.0211657094235269
"PD13306",0.0574020552344252,0.113760436737315,0.14796082209377,0.0694444444444444,0.158558124598587,0.0564386640976236,0.053548490687219,0.0949743095696853,0.0256101477199743,0.0790783558124599,0.118577392421323,0.0246467565831728
"PD13307",0.031494848540934,0.0598124498735271,0.091276451354186,0.0433401196865939,0.337435992349929,0.0555555555555556,0.0370473193904621,0.0692516503177247,0.0213153186501326,0.0350114134123018,0.0531494848540934,0.16530939601456
"PD13310",0.0867446393762183,0.0771752613857877,0.201577175261386,0.100035442140705,0.0399610136452242,0.0761119971646287,0.0771752613857877,0.123958887116782,0.0357079567605883,0.0474038631933369,0.116516037568669,0.0176324650008861
"PD13311",0.0375365497076023,0.176571637426901,0.0274488304093567,0.105080409356725,0.0210891812865497,0.079422514619883,0.0956505847953216,0.0482821637426901,0.0421418128654971,0.266483918128655,0.047843567251462,0.0524488304093567
"PD13312",0.0720569417786308,0.0403870761356366,0.13395713371721,0.135876519513756,0.0303103007037748,0.0811740243122201,0.0686980166346769,0.124360204734485,0.0528630838131798,0.132517594369802,0.109005118362124,0.0187939859245042
"PD13416",0.0805262275850511,0.0910842969666499,0.178565443271326,0.0734875146639852,0.0443271325624267,0.0835428188369365,0.160968660968661,0.0870621752974694,0.0116473940003352,0.0227082285905815,0.141360817831406,0.0247192894251718
"PD13418",0.0669534363760086,0.0313745504034218,0.1009283561777,0.0281666180616312,0.182584815786916,0.0510595897735005,0.0522261106250608,0.0580587148828619,0.0191260814620395,0.105594439583941,0.043185574025469,0.26074171284145
"PD13419",0.097343841214244,0.0360478692352598,0.134121424401635,0.0614419147694104,0.0798307063631057,0.0509340338587274,0.204173963806188,0.139375364856976,0.0264156450671337,0.0833333333333333,0.0596906012842966,0.0272913018096906
"PD13420",0.0586645746164575,0.0722629009762901,0.167451185495119,0.115672942817294,0.0424511854951186,0.0534344490934449,0.0691248256624826,0.154375871687587,0.0230997210599721,0.100505578800558,0.116718967921897,0.0262377963737796
"PD13422",0.0804132973944295,0.0523809523809524,0.16774483378257,0.0744833782569632,0.0593890386343217,0.156424079065589,0.0599281221922731,0.128391734052111,0.0286612758310872,0.0890386343216532,0.0814914645103324,0.0216531895777179
"PD13424",0.101440226440226,0.135905760905761,0.158133533133533,0.0382534132534132,0.0552364302364302,0.103687978687979,0.112678987678988,0.0677239427239427,0.032009657009657,0.0652264402264402,0.0804612054612055,0.0492424242424242
"PD13425",0.0386422397159836,0.034358840781045,0.0189617581230223,0.012247240873659,0.195825615497415,0.063387551130663,0.0204956780118855,0.0246054256386509,0.017254186925986,0.0880170950065602,0.0242581230223045,0.461946245272825
"PD13426",0.0349824178489148,0.0910027888929308,0.151024615011519,0.10191584818722,0.0688129016612101,0.0749969685946405,0.127015884564084,0.120831817630654,0.0411664847823451,0.0466230144294895,0.12774342185037,0.013883836546623
"PD13427",0.120917792792793,0.0550394144144144,0.165681306306306,0.0998029279279279,0.0195664414414414,0.0972691441441441,0.0769988738738739,0.153856981981982,0.0237894144144144,0.0668637387387387,0.0947353603603604,0.0254786036036036
"PD13428",0.088181643625192,0.0498751920122888,0.115543394777266,0.0959581413210445,0.0530433947772657,0.0576516897081413,0.101718509984639,0.151545698924731,0.0461309523809524,0.0737807219662058,0.128504224270353,0.0380664362519201
"PD13602",0.0711211714732842,0.0541862284820031,0.101972948803935,0.0535155376704673,0.0370836127878381,0.147915269394143,0.0709534987704002,0.0939246590655041,0.0449642298233848,0.170718756986363,0.0987871674491393,0.054856919293539
"PD13603",0.089006636694498,0.0434061228858917,0.116623849282809,0.0629950760008563,0.108274459430529,0.126257760650824,0.0970348961678442,0.0584992506957825,0.0373046456861486,0.0880432455576964,0.0716655962320702,0.10088846071505
"PD13604",0.0110482508874385,0.0110160454597504,0.00662537215160884,0.00219175827321653,0.43795266517806,0.0348051213786786,0.00394158651093553,0.00616376102141303,0.00251381255009733,0.0166519953051643,0.0181656504065041,0.448923980877133
"PD13605",0.0505952380952381,0.106495859213251,0.134446169772257,0.0653467908902692,0.0451604554865424,0.0653467908902692,0.103390269151139,0.206651138716356,0.0288561076604555,0.068452380952381,0.0816511387163561,0.0436076604554865
"PD13606",0.100482360199675,0.0738964608222559,0.129255706994223,0.0375511806607213,0.052358517022828,0.201104941387627,0.113438779516518,0.0807953334455101,0.0187054798362219,0.0834875764204386,0.0770934993549835,0.0318301643389983
"PD13607",0.108797683243459,0.0581685640103855,0.123776712602357,0.073147593369283,0.0962152985819852,0.0989115238665868,0.111194327940883,0.085130816856401,0.0309067305771919,0.060864789294987,0.0680547233872578,0.0848312362692231
"PD13608",0.0368454815171197,0.0534439900569321,0.105163980434608,0.0868815652313367,0.196576056450966,0.0262609253468046,0.049354502445674,0.0613824071846684,0.029628738673723,0.0325154358110817,0.0779809157244808,0.243966001122604
"PD13609",0.0181174656574152,0.0629029997196524,0.0471334454723858,0.0319946733950098,0.266014858424446,0.0134917297448837,0.063533781889543,0.0330459770114943,0.0107583403420241,0.0431384917297449,0.0422974488365573,0.367570787776843
"PD13618",0.0324836254204284,0.0377942998760843,0.149849530890423,0.0988670561161267,0.117985484156488,0.0786864931846344,0.11533014692866,0.103646663126217,0.0271729509647725,0.0670030093821915,0.122765091166578,0.048415648787396
"PD13619",0.0967468393462843,0.0426302806043787,0.155488744989208,0.0546561825470244,0.0504933703361085,0.0380049337033611,0.170289855072464,0.167052112241751,0.0329170521122418,0.0583564600678384,0.113398088189948,0.0199660807893925
"PD13620",0.080070281124498,0.0841580608146873,0.151068559954102,0.0647948938611589,0.0501649454962708,0.128693344807803,0.176025530694205,0.0434954102122777,0.0256382673551348,0.0749067699368904,0.0811460126219162,0.0398379231210556
"PD13622",0.120355656451003,0.0990162693908437,0.150548618993568,0.0243284146802876,0.0304578130911843,0.222058267120696,0.115588346575861,0.0722285281876655,0.0170639424895952,0.101286416950435,0.0340900491865305,0.0129776768823307
"PD13623",0.0216017316017316,0.0171861471861472,0.0844588744588745,0.0636796536796537,0.337445887445887,0.0517316017316017,0.0364069264069264,0.104718614718615,0.0174458874458874,0.0641991341991342,0.0847186147186147,0.116406926406926
"PD13625",0.0658310449700298,0.175583901733251,0.0873564236572475,0.0337644314524463,0.0397879942126554,0.133064635190599,0.0509493016801016,0.0448371571145953,0.27940177754156,0.0119733073493371,0.0540496648655033,0.0234003602326749
"PD13626",0.0889579632918887,0.0809650680876258,0.163558318531676,0.0996151568975725,0.0463291888691533,0.0729721728833629,0.14757252812315,0.0818531675547661,0.0267910005920663,0.0854055654233274,0.0711959739490823,0.0347838957963292
"PD13627",0.0434722876432721,0.171828387501963,0.0307544355471817,0.108121369131732,0.0202739833568849,0.0320497723347464,0.0949324854765269,0.0316964986654106,0.03770215104412,0.292294708745486,0.0594873606531638,0.0773865598995133
"PD13629",0.0852172518839185,0.0813692480359147,0.157367324033991,0.0967612634279301,0.167468334135001,0.0539522206188873,0.0602052268718935,0.0626102292768959,0.023649190315857,0.0462562129228796,0.121773288439955,0.0433702100368767
"PD13630",0.0642691043220271,0.112861839467565,0.0892871461791356,0.0341993424745409,0.164100713655681,0.0589768262368695,0.0888060299895758,0.0483922700665544,0.0272231577259241,0.0544062224360516,0.0859193328522171,0.171558014593858
"PD13631",0.0445407714537002,0.0584872471416007,0.108242241487624,0.104849855509486,0.084872471416007,0.148573941449931,0.105980650835532,0.111634627465762,0.0249403191355698,0.0520794069606734,0.10937303681367,0.0464254303304435
"PD13752",0.0584703276203801,0.133321674245074,0.1245773580506,0.0892503206249271,0.0462282849481171,0.115833041856127,0.0616182814503906,0.0829544129649061,0.0787571411915588,0.0518246473125802,0.13472076483619,0.0224437448991489
"PD13753",0.029728609902631,0.0373109591879014,0.0441475036254402,0.012450797596851,0.303190387404185,0.0201574476900767,0.0284856018230785,0.0437746012015745,0.010461984669567,0.0383053656515434,0.0322146260617361,0.399772115185415
"PD13754",0.0587506520605112,0.0567944705268649,0.130738132498696,0.146387584767866,0.0247130933750652,0.0857459572248305,0.185119979134064,0.0837897756911841,0.020018257694314,0.106481481481481,0.0622717788210746,0.039188836724048
"PD13755",0.0600033568311514,0.100788855320577,0.137042631755623,0.1189157435381,0.0509399127223901,0.0217354817052702,0.116398120174555,0.178835179590467,0.0313024504867405,0.0313024504867405,0.126972138301443,0.0257636790869419
"PD13756",0.0994686669792155,0.054461634630411,0.144944522581653,0.0910298484138147,0.0352398812314424,0.106501015783716,0.0469604625722769,0.170260978277856,0.0343022347241757,0.0849351461165807,0.113064541334584,0.0188310673542741
"PD13757",0.0163738885274344,0.0345911949685535,0.130232053784429,0.0606159184558664,0.212860550856647,0.0820863153328996,0.0957492951637389,0.0762307525482542,0.0495554109737584,0.0534591194968553,0.0762307525482542,0.112014747343309
"PD13758",0.0732936001135235,0.066907904072655,0.0852135660564779,0.0984106712076061,0.0388108414928338,0.0715907478359586,0.11714204626082,0.154604796367248,0.0247623102029232,0.109479211011778,0.139704838938555,0.0200794664396197
"PD13760",0.0502063763165386,0.239787930543695,0.0551167093652149,0.0570381440364361,0.0572516367776829,0.0529817819527469,0.106995445488187,0.0640834044975804,0.032913464275548,0.0818033020210646,0.0630159407913464,0.13880586393396
"PD13761",0.107115458381281,0.0576332949750671,0.100786344457231,0.074319140774837,0.0587840429612582,0.0858266206367472,0.103663214422708,0.157172995780591,0.0277138473341005,0.0403720751822018,0.161200613732259,0.0254123513617185
"PD13762",0.0682129575259346,0.0323938148365629,0.145723233509493,0.0846545312194167,0.039440203562341,0.107555294578195,0.123996868271677,0.165100802505383,0.0347426110784889,0.048835388530045,0.126345664513603,0.0229986298688589
"PD13763",0.054407449929838,0.142046179359612,0.173045031253986,0.0880852149508866,0.0628268911851001,0.0792830718203853,0.093060339328996,0.10989922183952,0.0348896542926394,0.0589998724327083,0.0815792830718204,0.021877790534507
"PD13764",0.0594603825136612,0.124214480874317,0.0801571038251366,0.0746243169398907,0.0617144808743169,0.0793374316939891,0.172165300546448,0.0639685792349727,0.0332308743169399,0.103517759562842,0.0678620218579235,0.0797472677595628
"PD13765",0.101314282269247,0.0488635678543438,0.113793935009345,0.0219147525170314,0.0508530777114608,0.388527159823958,0.0445228190751794,0.0893772231265449,0.0159462229456804,0.0568216072828118,0.0410863929583409,0.0269789594260565
"PD13766",0.0275705342594975,0.0419775319440871,0.0643598319183603,0.0296286767858674,0.384658262584684,0.0190806963382214,0.0285996055226824,0.0759368836291913,0.0219106423119801,0.0219106423119801,0.0743932767344139,0.209973415659034
"PD13767",0.0711185515873016,0.0845114087301587,0.12468998015873,0.0599578373015873,0.10906498015873,0.110181051587302,0.0759548611111111,0.0975322420634921,0.0339161706349206,0.0696304563492064,0.129898313492063,0.0335441468253968
"PD13768",0.0471944840703757,0.037208749405611,0.198407037565383,0.136352829291488,0.0379220161673799,0.0742986210175939,0.116381359961959,0.10282929148835,0.0150974797907751,0.0657394198763671,0.144912030432715,0.0236566809320019
"PD13770",0.0465789885705339,0.0794582746203225,0.152732112102709,0.0761703460153437,0.0663065602004071,0.195475183967434,0.0973070299044935,0.104822295287302,0.0315484578049162,0.0587912948175982,0.0672459683732582,0.0235634883356819
"PD13771",0.0437755283253419,0.205659994418652,0.0169089479158739,0.0531369713575361,0.0590734962072202,0.0760458685338813,0.0567141081259355,0.0576274196412715,0.0365451454955983,0.166083162087424,0.116383793794556,0.11204556409671
"PD14432",0.0625868055555556,0.0693576388888889,0.110503472222222,0.120399305555556,0.0417534722222222,0.0985243055555556,0.0776909722222222,0.114149305555556,0.0287326388888889,0.0933159722222222,0.159982638888889,0.0230034722222222
"PD14433",0.0438234214390602,0.0553872980910426,0.117061306901615,0.0520833333333333,0.307865271659325,0.0262022760646109,0.0818190161527166,0.0774137298091043,0.0135370778267254,0.0347375183553598,0.0859489720998532,0.104120778267254
"PD14435",0.040936448929014,0.105461143565233,0.156974685785095,0.104930076119667,0.0767835015046911,0.0789077712869534,0.0879359178615684,0.102540272614622,0.0250044255620464,0.062710214197203,0.0940431934855727,0.0637723490883342
"PD14437",0.118551250094418,0.0639398746128862,0.107447692423899,0.0492106654581162,0.0471712364982249,0.137585920386736,0.123536520885263,0.0603142231286351,0.0435455850139739,0.11583201148123,0.0652994939194803,0.0675655260971372
"PD14439",0.0484382625671059,0.0704001952171791,0.161176183504148,0.0879697413372377,0.06966813079551,0.145070766227428,0.0806490971205466,0.0982186432406052,0.021351878965349,0.0952903855539287,0.108467545143973,0.0132991703269888
"PD14441",0.0855616864742502,0.182548104131296,0.0541525183927561,0.065824844368987,0.039296830786644,0.098082908885116,0.0683715336728919,0.0902306168647425,0.032717883418223,0.143498868138087,0.0866228070175439,0.0530913978494624
"PD14442",0.117019302152932,0.0964179658500371,0.127041573867854,0.0574424647364514,0.0513177431328879,0.0786005939123979,0.105883444691908,0.176596139569414,0.0340571640682999,0.0479769858945806,0.0852821083890126,0.0223645137342242
"PD14450",0.0950791295746785,0.0654055390702275,0.123269040553907,0.118076162215628,0.0572453016815035,0.10175568743818,0.0683728981206726,0.140331355093966,0.0305390702274975,0.0446340257171118,0.122527200791296,0.0327645895153314
"PD14453",0.0304200949896314,0.0647367716904141,0.0460733159408656,0.0630309719713693,0.218359087564386,0.0641347247307512,0.0902234263161415,0.0261054251120476,0.0294166833901933,0.108385176265971,0.0408555756237875,0.218258746404442
"PD14454",0.0758463541666667,0.139127604166667,0.121158854166667,0.0606119791666667,0.0727213541666667,0.0875651041666667,0.0914713541666667,0.105143229166667,0.0281901041666667,0.0672526041666667,0.0774088541666667,0.0735026041666667
"PD14456",0.0504028942608124,0.0992435454694951,0.202351586910048,0.0765499095543496,0.0227758592336787,0.134270679164611,0.106643644137477,0.0750698898207532,0.0282025982568656,0.070136490708765,0.116510442361454,0.0178424601216905
"PD14457",0.067612446754747,0.056999494621327,0.122626525160638,0.0634972204172984,0.0853728972637355,0.258212403436575,0.0743267634105841,0.0855894881236012,0.0132481409284528,0.0461699516280413,0.114179481625875,0.0121651866291243
"PD14458",0.0666453401578162,0.081360631264662,0.198443164853913,0.108871827681808,0.0500106632544253,0.113350394540414,0.103753465557688,0.0704841117509064,0.0327361910855193,0.0314566005544892,0.119108551930049,0.0237790573683088
"PD14459",0.0670255930087391,0.045021847690387,0.175639825218477,0.0623439450686642,0.0731117353308365,0.210752184769039,0.0398720349563046,0.136782147315855,0.0412765293383271,0.0323813982521848,0.097456304619226,0.01833645443196
"PD14460",0.0282393237137443,0.0339236262935432,0.0957950736044308,0.0391706748287422,0.367985716367876,0.0310814750036438,0.0555677015012389,0.0413569450517417,0.0124981781081475,0.0203687509109459,0.069778457950736,0.204234076665209
"PD14461",0.0707716464782414,0.0546209062359803,0.17440556303275,0.0842305966801256,0.031740690892777,0.0687528039479587,0.124607447285778,0.112494392104083,0.028375953342306,0.107110812023329,0.11855091969493,0.0243382682817407
"PD14462",0.0299352750809062,0.0579412496888225,0.116940502862833,0.120301219815783,0.132997261638038,0.0542071197411003,0.0594349016679114,0.131503609658949,0.0310555140652228,0.0359098829972616,0.132623848643266,0.0971496141399054
"PD14465",0.0486706916640186,0.114129859125093,0.179906789535007,0.0804469865480352,0.0553437135896621,0.106821311301769,0.0613812096176252,0.125569325283339,0.0200720262684038,0.0896621120644,0.0794936977015147,0.0385022773011334
"PD14467",0.0604340900039825,0.0879131819992035,0.200219036240542,0.068199920350458,0.0759657506969335,0.0819394663480685,0.0974711270410195,0.0855236957387495,0.0389287136598965,0.072978892871366,0.086121067303863,0.044305057745918
"PD14468",0.097665207421305,0.0601417552637065,0.172712111736502,0.095789034813425,0.0626433187408797,0.0907859078590786,0.0595163643944132,0.145194913487596,0.0257452574525745,0.0463831561392537,0.118303106107984,0.0251198665832812
"PD14471",0.0623995983935743,0.134086345381526,0.194628514056225,0.072640562248996,0.0479417670682731,0.0696285140562249,0.12324297188755,0.107881526104418,0.0166164658634538,0.0669176706827309,0.0738453815261044,0.0301706827309237
"PD14472",0.0652328222600795,0.0741766042021579,0.128265190232822,0.0694917660420216,0.095045428733674,0.0873793299261783,0.0797132311186826,0.162336740488359,0.0239210675752413,0.0537336740488359,0.100582055650199,0.060122089721749
"PD14473",0.0691567273488178,0.117493199414103,0.176501360117179,0.0779451768152333,0.0484410964636953,0.0691567273488178,0.113726721071354,0.0628792634442352,0.0227034944549069,0.0729232056915673,0.133814605566018,0.035258422264072
"PD17973",0.0926104417670683,0.0429718875502008,0.135502008032129,0.089718875502008,0.0386345381526104,0.289718875502008,0.0863453815261044,0.0926104417670683,0.0256224899598394,0.0256224899598394,0.0685140562248996,0.0121285140562249
