"","1","2","3","4","5","6","7","8","9","10","11","12","13","14","15"
"PD10010",0.0896144027945721,0.0537417707913476,0.0751041246809082,0.0259304044068252,0.19602310896144,0.074297998119038,0.0170630122262529,0.0875990863898966,0.0795378207711944,0.0638183528147253,0.0408437458014242,0.0396345559586188,0.0541448340722827,0.0218997715974741,0.0807470106139997
"PD10011",0.098694224144837,0.0674517343587279,0.0353681006168389,0.0567571897780982,0.199751662260675,0.00532724505327245,0.0911239285428182,0.00989345509893455,0.00604822558679805,0.156492830249139,0.0124168869662741,0.0261155171032604,0.0817511816069855,0.103500761035008,0.0493070575983337
"PD10014",0.027296372347707,0.21201916495551,0.0412594113620808,0.0682819986310746,0.0744421629021218,0.0758384668035592,0.156659822039699,0.0321423682409309,0.0214647501711157,0.0697604380561259,0.0181793292265572,0.0378097193702943,0.0756741957563313,0.0343600273785079,0.0548117727583847
"PD11326",0.0267961700075773,0.209685196665978,0.0396087345870359,0.0276227870772198,0.1109044568437,0.077839774058001,0.145105738100158,0.0530412619687263,0.0276227870772198,0.0401253702555624,0.0301026382861473,0.0832127850106771,0.0661638079493008,0.0251429358682923,0.0370255562444031
"PD11327",0.0462462462462463,0.193053923488706,0.048831440135788,0.0601122861992427,0.186395090742917,0.101632066849458,0.118083300691996,0.0182791487139313,0.00958349654001828,0.0546285415850633,0.0180441310876093,0.0502415458937198,0.0470296383339862,0.0257997127562345,0.0220394307350829
"PD11336",0.0506359065365277,0.0854185152321798,0.0382135462880804,0.0348417627920733,0.0417627920733511,0.119846199349305,0.0602188701567584,0.101745045844425,0.109375924282757,0.0474415853297841,0.097840875480627,0.0163856847086661,0.0250813368825791,0.1125702454895,0.0586217095533866
"PD11337",0.058704237378589,0.0490980894439108,0.0500587042373786,0.0490980894439108,0.0186786209840965,0.141637314547977,0.0945671896680542,0.0279645639876187,0.116661329917814,0.142597929341445,0.084961041733376,0.0695912050378909,0.0222008752268118,0.0132351371544455,0.0609456718966805
"PD11338",0.0720567375886525,0.0656737588652482,0.0184397163120567,0.0631205673758865,0.0839716312056738,0.0886524822695035,0.0486524822695035,0.126950354609929,0.151205673758865,0.0384397163120567,0.0286524822695035,0.013758865248227,0.0767375886524823,0.0205673758865248,0.103120567375887
"PD11339",0.0928008271940028,0.0365774848132351,0.0447201757787256,0.0571280858213778,0.0261083107147473,0.0652707767868683,0.0524751195553832,0.116065658523976,0.178880703114902,0.0908620912498384,0.0346387488690707,0.0168023781827582,0.0489853948558873,0.0164146309939253,0.122269613545302
"PD11340",0.0954895059314301,0.0687002998305306,0.068113674879416,0.0700690913831313,0.0745665493416764,0.113088254464868,0.0511015512970929,0.114848129318211,0.075153174292791,0.0669404249771868,0.0892321731195411,0.0219658453917351,0.0250945117976796,0.0280276365532525,0.0376091774214574
"PD11341",0.102428515471994,0.0789267528397963,0.0242851547199373,0.0189972581276929,0.0654132393262828,0.0701135918527223,0.0377986682334508,0.0654132393262828,0.125930278104191,0.0718762240501371,0.122992557775166,0.0601253427340384,0.0436741088915002,0.0231100665883275,0.0889150019584802
"PD11342",0.0531544957774466,0.0513661202185792,0.0409339294585196,0.0573273720814704,0.0197714853452558,0.0585196224540487,0.0683556880278192,0.0755091902632886,0.102632886239444,0.0442126179831098,0.208445106805763,0.0960755091902633,0.0322901142573274,0.0072528564331843,0.0841530054644809
"PD11343",0.047205522155422,0.0979737252282342,0.0398574927633044,0.0595635715876197,0.0729236250278334,0.0953017145401915,0.0769316410598976,0.0765976397238922,0.132041861500779,0.0672456023157426,0.0562235582275662,0.0345134713872189,0.0545535515475395,0.0144733912268982,0.0745936317078602
"PD11344",0.00680026478907143,0.00472407775170007,0.115845218751881,0.00797376181019438,0.00752241680207017,0.0112234458686887,0.0138412469158091,0.024763796112415,0.0160077029548053,0.0037311187338268,0.369862189324186,0.39044352169465,0.00689053379069627,0.00327977372570259,0.0170909309743034
"PD11345",0.0393551902060699,0.0380091657853412,0.0506041085793033,0.0465660353171169,0.0432971188667756,0.0897349613819184,0.00608915809377304,0.032625068102426,0.0337788033201936,0.0268563920135884,0.335576707367881,0.200781976092042,0.0133000032048201,0.012530846392975,0.0308944652757748
"PD11346",0.080842584685454,0.00910902362653003,0.0466837460859664,0.0804155992029604,0.0718758895530885,0.0603472815257615,0.0308852832337034,0.0902362653003131,0.0787076572729861,0.125249074864788,0.152149160261884,0.0859664104753772,0.0129518929689724,0.0116709365214916,0.062909194420723
"PD11347",0.0866570559026109,0.0371616210155374,0.0722409098189973,0.04340861765177,0.0251481659458594,0.0328367771904533,0.047252923274067,0.121255806503284,0.0885792087137594,0.113086657055903,0.150088098670511,0.0419670030434086,0.0477334614768541,0.0241870895402851,0.0683966041967003
"PD11348",0.0405797101449275,0.0949275362318841,0.036231884057971,0.0488801054018445,0.0518445322793149,0.142555994729908,0.0546113306982872,0.0662714097496706,0.181884057971015,0.0480895915678524,0.0401844532279315,0.0223978919631094,0.0550065876152833,0.0320816864295125,0.0844532279314888
"PD11349",0.0204471707338756,0.0945903898297551,0.0736542650131129,0.0696537316086589,0.0609859092323421,0.0581855358492243,0.0609859092323421,0.0780548517580122,0.0739209672400765,0.100591189936436,0.12459439036316,0.0817886829355025,0.032715473174201,0.0220473840956572,0.0477841489976441
"PD11352",0.123419322205362,0.0551340414769853,0.0217501264542236,0.0494436014162873,0.0373039959534648,0.0448912493677289,0.0661355589276682,0.113555892766818,0.101795649974709,0.018715225088518,0.151492159838139,0.0115073343449671,0.0888973191704603,0.0179564997470916,0.0980020232675771
"PD11355",0.0637358757062147,0.0769774011299435,0.0181850282485876,0.0610875706214689,0.0314265536723164,0.231638418079096,0.0589689265536723,0.0727401129943503,0.124117231638418,0.0256002824858757,0.0430790960451977,0.0123587570621469,0.0632062146892655,0.0187146892655367,0.0981638418079096
"PD11357",0.0534655390298435,0.0654223777583358,0.0231359968892777,0.0715466122290269,0.0286769709341888,0.0791289977641684,0.0461747837075921,0.0730047632934772,0.177116749295227,0.098376591814912,0.0365509866822203,0.0126373092252357,0.0779624769126081,0.0289686011470788,0.127831243316808
"PD11358",0.0286345289772295,0.0265783260985454,0.00693016525778692,0.0382301424110883,0.0359454725458838,0.0519381616023151,0.0475972888584266,0.091691417256873,0.1053994364481,0.0491965577640698,0.301652577869165,0.0459980199527835,0.0389155433706496,0.0192673825298911,0.112024979057193
"PD11359",0.0634511536573392,0.0660284732449681,0.0406234658811978,0.0365733922434953,0.0376779577810506,0.0906971035837015,0.0748649975454099,0.0759695630829652,0.133038782523319,0.0925380461462936,0.0612420225822288,0.0181639666175749,0.0800196367206677,0.0284732449680903,0.100638193421699
"PD11360",0.110654874710465,0.0376921457148873,0.0203200673826069,0.0992840598020636,0.0591703516529796,0.111286586649821,0.0623289113497578,0.0658033270162139,0.134028216466625,0.0695935986523479,0.0443251210781217,0.0225310591703517,0.0563276479258791,0.0181090755948621,0.0885449568330175
"PD11361",0.0955066741868772,0.0639217898101147,0.0334649370182365,0.0802782477909381,0.0300808422635834,0.0893025004700132,0.056025568715924,0.0548975371310397,0.178416995675879,0.0611017108479037,0.0656138371874413,0.00808422635833803,0.0312088738484678,0.0261327317164881,0.125963526978755
"PD11364",0.0286033207757779,0.0830193944467699,0.0541370168829357,0.0616715501604577,0.0507883354262592,0.0620901353425422,0.0482768243337519,0.0742291056229943,0.165062090135343,0.0980884610018139,0.0394865355099763,0.029440491139947,0.064183061252965,0.0319520022324543,0.108971675736012
"PD11365",0.11862015277575,0.0357855300929305,0.0101688318007104,0.0530822750936603,0.0285603074976889,0.017029144163869,0.0120663650075415,0.013015131610957,0.00235975283413614,0.116649637522503,0.0123582931932078,0.00389237580888435,0.513234077750207,0.0587748747141537,0.00440325013380042
"PD11366",0.082924168030551,0.0446262956901255,0.0370976541189307,0.00632842334969994,0.0403709765411893,0.119585379159847,0.0403709765411893,0.122204037097654,0.113693398799782,0.0865248226950355,0.0649208947081288,0.00534642662302237,0.0927441352973268,0.0204037097654119,0.122858701582106
"PD11367",0.0215891567242919,0.174985796607418,0.0473987501014528,0.0655385114844574,0.0465465465465465,0.0718691664637611,0.172185699212726,0.0763736709682656,0.0751562373183995,0.0600600600600601,0.0264588913237562,0.026824121418716,0.0609122636149663,0.0269458647837026,0.0471552633714796
"PD11368",0.0452650964427644,0.0510807405253465,0.0352331104003102,0.0459920519530871,0.0355238926044393,0.098478239798391,0.0183677425608219,0.0606765532616071,0.105020839391296,0.0883008626538723,0.234418920228749,0.0699815837937385,0.0345061548899874,0.0276727730929534,0.0494814384026364
"PD11369",0.0385403191030617,0.0556813281586891,0.081877964639931,0.039348857266063,0.0463022854678741,0.077511858559724,0.0330422595946529,0.0841418714963346,0.150442000862441,0.107751185855972,0.120526088831393,0.0514769297110824,0.0417744717550668,0.0150927123760241,0.0564898663216904
"PD11370",0.0642086782041635,0.0122899423125157,0.0213192876849762,0.0333584148482568,0.0935540506646601,0.0845247052921996,0.0770002508151492,0.0950589415600702,0.108602959618761,0.0393779784298972,0.0243290694757963,0.0152997241033358,0.116127414095811,0.0145472786556308,0.200401304238776
"PD11372",0.0155553950251631,0.0157721110549255,0.175925257049291,0.0205398637096968,0.0188061354715982,0.0200341929735847,0.00753690192395675,0.0209732957692215,0.0278359700450288,0.0179392713525488,0.262539430277637,0.364973873678634,0.00746466324736931,0.00508078691998363,0.0190228515013605
"PD11374",0.0811070009590355,0.0798739553363474,0.0334292368817646,0.0917933963556652,0.0576791341279627,0.0539799972598986,0.0428825866557063,0.125907658583368,0.111111111111111,0.100013700506919,0.03425126729689,0.0326072064666393,0.0519249212220852,0.0268529935607617,0.076585833675846
"PD11375",0.0893817204301075,0.056619623655914,0.00873655913978495,0.0752688172043011,0.0697244623655914,0.132224462365591,0.0233534946236559,0.0833333333333333,0.187668010752688,0.0445228494623656,0.0455309139784946,0.00571236559139785,0.0445228494623656,0.0183131720430108,0.115087365591398
"PD11376",0.0931709348323964,0.048511347074745,0.0388298979804289,0.0566312721215907,0.0291484488861128,0.129710597543202,0.0419529460753696,0.095981678117843,0.158130335207162,0.0709972933583177,0.0591297105975432,0.00916094107849261,0.0450759941703102,0.0185300853633146,0.105038517593171
"PD11379",0.00624399615754083,0.0361431316042267,0.123627693152189,0.0214251406614519,0.0141690682036503,0.0350109784547825,0.0368121311925347,0.0185947577878414,0.0179257581995334,0.0216309866886236,0.292781665980513,0.346301633045149,0.0142205297104433,0.00706738026622753,0.00804514889529299
"PD11380",0.0434416365824308,0.0138387484957882,0.0365824308062575,0.0358604091456077,0.0351383874849579,0.070517448856799,0.0744885679903731,0.141275571600481,0.128640192539109,0.0943441636582431,0.0896510228640193,0.0188929001203369,0.0741275571600481,0.0167268351383875,0.12647412755716
"PD11381",0.0332246545567458,0.0527868343424934,0.0262381617761217,0.0700201832013663,0.0709517155721161,0.0746778450551157,0.0313615898152461,0.128240956373234,0.0835274025772396,0.0672255860891166,0.0648967551622419,0.00947057910262382,0.0975003881384878,0.031827356000621,0.15804999223723
"PD11383",0.0948396094839609,0.0685938886775707,0.0434892861671104,0.0575630784835806,0.0355014580956004,0.096741473310511,0.0819069354634208,0.105870419677951,0.0860910358818309,0.099023709902371,0.0282743755547103,0.0107772283504501,0.0472930138202105,0.0305566121465703,0.113477874984151
"PD11384",0.113427230046948,0.0334272300469484,0.0452582159624413,0.0362441314553991,0.0553990610328638,0.0711737089201878,0.0356807511737089,0.0739906103286385,0.108356807511737,0.0717370892018779,0.0892018779342723,0.0463849765258216,0.0339906103286385,0.0351173708920188,0.150610328638498
"PD11385",0.0678024436413698,0.0843228360006884,0.0332128721390466,0.0481844777146791,0.056960936155567,0.0678024436413698,0.0647048700739976,0.113233522629496,0.126656341421442,0.0610910342453967,0.043021855102392,0.0125623816898985,0.065737394596455,0.0368267079676476,0.117879882980554
"PD11386",0.0324397824397824,0.0516705516705517,0.0344794094794095,0.0534188034188034,0.070027195027195,0.0391414141414141,0.0403069153069153,0.121017871017871,0.133547008547009,0.0778943278943279,0.155400155400155,0.0542929292929293,0.051961926961927,0.0161227661227661,0.0682789432789433
"PD11388",0.0351921677581531,0.0832175696236026,0.0598002249123503,0.067539855791493,0.0282463451743071,0.104055037375141,0.0919494608718661,0.103261229079844,0.145928424952041,0.0891711318383277,0.0478931004829,0.030429317986373,0.0228881391810544,0.0228881391810544,0.067539855791493
"PD11389",0.0662034356301872,0.0667824744257865,0.0233545647558386,0.0268287975294345,0.0494113105578074,0.0731519011773789,0.0366724570546227,0.150743099787686,0.0974715305925497,0.0818374831113685,0.0274078363250338,0.0100366724570546,0.092260181432156,0.0366724570546227,0.161165798108473
"PD11391",0.0825780463242699,0.0659617321248741,0.0221550855991944,0.0455689828801611,0.0448136958710977,0.0614300100704935,0.0508559919436052,0.133182275931521,0.0553877139979859,0.0969284994964753,0.0448136958710977,0.0108257804632427,0.0916414904330312,0.0229103726082578,0.170946626384693
"PD11393",0.0850462668644487,0.0348237620964894,0.0151161969343788,0.117680299498481,0.0477502295684114,0.247792611428975,0.0246521155612065,0.033552306279579,0.152221515857879,0.068517341244614,0.0377904923359469,0.0278307551034824,0.0168114713569259,0.0248640248640249,0.0655506110051565
"PD11394",0.059908514091781,0.0514977128522945,0.0156411391471152,0.0253799616349417,0.0528257341006345,0.0846982440607939,0.0439722591117013,0.0846982440607939,0.266194481333924,0.0488416703556146,0.0346761103733215,0.0169691603954552,0.0483989966061679,0.0200678766415818,0.146229895233879
"PD11395",0.0958702064896755,0.0896234600034704,0.0136213777546417,0.0445948290820753,0.0232517785875412,0.125281971195558,0.0760888426166927,0.0727051882699983,0.117473538087801,0.0427728613569322,0.0414714558389728,0.0125802533402742,0.0508415755682804,0.109404823876453,0.0844178379316328
"PD11396",0.0769953051643193,0.0894701542588867,0.0170355466130114,0.0552649228705567,0.0576794097920858,0.107176391683434,0.0516431924882629,0.0846411804158283,0.140979208584842,0.0383635144198524,0.046411804158283,0.0323272971160295,0.0677397719651241,0.019047619047619,0.115224681421865
"PD11397",0.0548151185838288,0.0970541999863304,0.0507142368942656,0.0425124735151391,0.0254938145034516,0.167179276877862,0.0656824550611715,0.0687581163283439,0.132526826601053,0.0494839723873966,0.0644521905543025,0.0437427380220081,0.0394368122479666,0.0246736381655389,0.0734741302713417
"PD11398",0.0347656793213739,0.0844110693922959,0.0439438186622167,0.0668891670143235,0.0481157001807815,0.0614657210401891,0.119872062300097,0.0894173272145738,0.13739396467807,0.144903351411487,0.0218328466138228,0.0209984703101099,0.033096926713948,0.0264219162842442,0.066471978862467
"PD11399",0.04295920285768,0.0268847527730776,0.0330889264899417,0.051983455536755,0.054803534498966,0.123049445384471,0.0505734160556496,0.0886444820454973,0.179169016732469,0.0734160556495582,0.0832863320172965,0.0237826659146456,0.0553675502914082,0.0144764053393495,0.0985147584132356
"PD11402",0.0626706378754033,0.0589476296847853,0.0280466617026557,0.0686274509803922,0.040704889550757,0.0686274509803922,0.0395879870935716,0.0864978902953586,0.125217175477786,0.0976669148672127,0.0570861255894763,0.0168776371308017,0.0701166542566394,0.0202283445023579,0.15909655001241
"PD11462",0.157955463251413,0.052382600669205,0.0340371524172147,0.0471904926733587,0.0603438329295027,0.0894196377062421,0.0336910118841583,0.0793815622476059,0.124033691011884,0.121264566747433,0.0423445252105688,0.0253836390908042,0.0115380177685474,0.0243452174916349,0.0966885889004269
"PD11464",0.0317425408694377,0.0227256066270801,0.116193827432006,0.0324023165457078,0.0216259804999633,0.0579136426948171,0.047357231874496,0.0414192507880654,0.0697896048676783,0.0348214940253647,0.204603768052196,0.257605747379224,0.0240451579796203,0.014588373286416,0.0231654570779268
"PD11465",0.0213854844180936,0.0615606979042225,0.050012536318452,0.0366945415394599,0.0642154476940548,0.0491718655516718,0.0318275002581007,0.0305001253631845,0.0474462781882808,0.0392165538398006,0.198059082931434,0.279471409819624,0.0266949839977582,0.0173591139035146,0.0463843782723478
"PD11740",0.131012304250559,0.0467002237136465,0.0223713646532438,0.0425055928411633,0.0198545861297539,0.0924217002237137,0.0794183445190157,0.0982941834451902,0.111297539149888,0.0961968680089486,0.0437639821029083,0.00936800894854586,0.0857102908277405,0.0185961968680089,0.102488814317673
"PD11741",0.104310628496216,0.0727212898979928,0.0490292859493254,0.0579137874300757,0.0342217834814084,0.201052977953274,0.0524843698585061,0.0312602829878249,0.0998683777558407,0.0845672918723264,0.0534715366897006,0.0470549522869365,0.0169463639355051,0.0361961171437973,0.0589009542612701
"PD11742",0.0330734703519962,0.147035199622017,0.0777226553271911,0.0448381762343492,0.0930309473186865,0.0754547602173399,0.110748877864399,0.0652492322230097,0.0293881407984881,0.0507914008977085,0.0634065674462556,0.0985589416489487,0.0427120245688637,0.0201748169147177,0.0478147885660288
"PD11743",0.0578545201945023,0.107273990274883,0.0331447851543118,0.037014984618438,0.0489232906619033,0.0778009328173067,0.118586881016175,0.105190036717277,0.110548774436836,0.0688697032847077,0.0408851840825643,0.0259998015282326,0.0691674109357944,0.0245112632727994,0.0742284410042671
"PD11744",0.0736714975845411,0.0436507936507936,0.0395100069013112,0.0985162180814355,0.0565907522429262,0.0705659075224293,0.0669427191166322,0.0840234644582471,0.107315389924086,0.0586611456176674,0.021911663216011,0.00534851621808144,0.070048309178744,0.0229468599033816,0.180296756383713
"PD11745",0.055845284658844,0.117448935245545,0.0740982181660148,0.0796392872664059,0.0415036940460669,0.129508909169926,0.063342025206432,0.0522598870056497,0.0793133420252064,0.109300304215558,0.0711647109952195,0.0336810082572794,0.0300956106040852,0.0206431986093003,0.0421555845284659
"PD11748",0.0316936189427934,0.173679902915361,0.0697936951429458,0.0732650354189597,0.115175119239127,0.0682696920949397,0.190528603279429,0.0330482883187989,0.0341489571868033,0.0282222786667796,0.0150989190867271,0.0365196285948127,0.0502356560268676,0.036096294414811,0.0442243106708436
"PD11750",0.0441679831490258,0.0693457082675092,0.117232754081095,0.0336032122169563,0.13638757240653,0.0047722485518694,0.179732754081095,0.0201750921537651,0.0095115850447604,0.0599657714586625,0.0125724065297525,0.194049499736704,0.0719128488678252,0.0241245392311743,0.0224460242232754
"PD11751",0.0224178544336647,0.102547211242863,0.126861500379287,0.0494869645067274,0.112967620872759,0.0204415698486845,0.198666506966902,0.0569130035533198,0.0292450193635964,0.0546971693216753,0.0337365752385515,0.070387671178185,0.0489479778017327,0.0361320717051942,0.0365512835868567
"PD11752",0.0738138606991066,0.045450602827652,0.0367334547662417,0.084482609072773,0.0830514355104519,0.148234885939804,0.0734235406366554,0.045971029577587,0.150316592939544,0.0389452684534652,0.0271055598924451,0.0117529707693642,0.0513054037644202,0.0287969468297337,0.100615838320756
"PD11753",0.0870488322717622,0.0443447210963134,0.0369619764524223,0.0728623817795792,0.059689249179695,0.0617158849642926,0.138438525381201,0.0937077784211542,0.0483979926655086,0.0580968924917969,0.0450685195908126,0.013076626133951,0.0575178536961976,0.101380042462845,0.0816927234124686
"PD11755",0.0535503656522765,0.0945977824958717,0.0493040811512149,0.0376267987732956,0.138122198631753,0.0447039396083982,0.195447039396084,0.0439962255248879,0.0347959424392545,0.0514272234017457,0.0167492333097429,0.0606275064873791,0.0581505071950932,0.0347959424392545,0.0861052134937485
"PD11756",0.0836536701446092,0.0435658063335164,0.0172066630056745,0.0353285740435658,0.0759655866739887,0.0474098480688267,0.0391726157788761,0.0633351638293978,0.160534504850815,0.0270913417536152,0.128134724510342,0.0215998535603148,0.0463115504301666,0.0172066630056745,0.193483434010617
"PD11757",0.0351315351315351,0.126040626040626,0.12004662004662,0.0286380286380286,0.141025641025641,0.0356310356310356,0.126540126540127,0.0341325341325341,0.0226440226440226,0.0406260406260406,0.0331335331335331,0.144022644022644,0.0296370296370296,0.0231435231435231,0.0596070596070596
"PD11760",0.0954680833937052,0.0556226354342751,0.0133623118409402,0.0669725509136279,0.0334057796023505,0.251227561780568,0.0305079288416647,0.0350961925460839,0.192787571440071,0.0355791676728648,0.049585446349513,0.00684214762939709,0.0442727199549223,0.017226112855188,0.0720437897448281
"PD11761",0.166606214484343,0.0820940635956958,0.050175311328739,0.0509007375166244,0.0824567766896385,0.0686736791198162,0.0403820577922863,0.0984161528231169,0.0215209769072664,0.0944263087897473,0.0846330552532946,0.0189819852496675,0.0632329827106759,0.0440091887317132,0.0334905090073752
"PD11762",0.0887518684603886,0.0472720478325859,0.0399850523168909,0.104446935724963,0.0242899850523169,0.0848281016442451,0.0321375186846039,0.0489536621823617,0.108931240657698,0.0909940209267564,0.104446935724963,0.0203662182361734,0.0332585949177877,0.0287742899850523,0.142563527653214
"PD11765",0.143437296946069,0.0488953866146849,0.0406107862248213,0.0337881741390513,0.125893437296946,0.0464587394411956,0.0401234567901235,0.0732618583495777,0.0396361273554256,0.0727745289148798,0.0488953866146849,0.0230669265756985,0.0605912930474334,0.0337881741390513,0.168778427550357
"PD11766",0.0958930276981853,0.0683858643744031,0.0242597898758357,0.0362941738299905,0.0936007640878701,0.0597898758357211,0.0477554918815664,0.0884431709646609,0.0546322827125119,0.0804202483285578,0.0792741165234002,0.0609360076408787,0.0752626552053486,0.0351480420248329,0.0999044890162369
"PD11767",0.134203844758796,0.0732680449764236,0.0123322451940515,0.0874138556401886,0.0504171200580341,0.0906782734856728,0.0536815379035183,0.049328980776206,0.092854552049329,0.163583605368154,0.0373594486760972,0.0123322451940515,0.0232136380123322,0.019949220166848,0.0993833877402974
"PD11769",0.126034612490594,0.0656508653122649,0.0481565086531226,0.0526711813393529,0.0470278404815651,0.0650865312264861,0.062829194883371,0.128856282919488,0.155379984951091,0.0633935289691497,0.0509781790820166,0.0142964635063958,0.0379984951091046,0.0284048156508653,0.0532355154251317
"PD11816",0.0355413280801116,0.044159894935566,0.0434211606336699,0.0451448740047607,0.0412049577279816,0.0729705327095133,0.0458836083066568,0.0815890995649676,0.0687843716654354,0.0813428547976689,0.133300500697694,0.13773290650907,0.0485923007469425,0.0202741525075925,0.10005745711237
"PD11818",0.102316213494461,0.0479355488418933,0.050956696878147,0.0400805639476334,0.124068479355488,0.0606243705941591,0.0195367573011078,0.098086606243706,0.0841893252769386,0.0473313192346425,0.0449144008056395,0.018932527693857,0.0358509566968781,0.0261832829808661,0.198992950654582
"PD11819",0.15284178187404,0.0243855606758833,0.0197772657450077,0.0912058371735791,0.0497311827956989,0.0410906298003072,0.138440860215054,0.043394777265745,0.0687403993855607,0.113095238095238,0.0192012288786482,0.0243855606758833,0.0376344086021505,0.0364823348694316,0.139592933947773
"PD13162",0.0471824960273805,0.0255469991443589,0.0774355213299108,0.0281139225033614,0.0523163427453856,0.017662877398851,0.0955873365114289,0.048649309375382,0.0521329910768855,0.0574501894633908,0.101821293240435,0.300391150226134,0.0383816159393717,0.0139958440288473,0.0433321109888767
"PD13163",0.10093158122031,0.046332284533284,0.0455919550866802,0.0524400024677648,0.054846073169227,0.043370966746869,0.0748349682275279,0.0446665432784256,0.0494786846813499,0.109075205132951,0.121105558640262,0.118144240853847,0.0426306373002653,0.0276389660065396,0.068912332654698
"PD13164",0.0405242905242905,0.0585618085618086,0.0517075517075517,0.0416065416065416,0.0928330928330928,0.106541606541607,0.0524290524290524,0.102934102934103,0.125661375661376,0.0841750841750842,0.0556758056758057,0.0325877825877826,0.0408850408850409,0.0322270322270322,0.0816498316498317
"PD13165",0.0175768007093308,0.0643613414697752,0.0202367913211287,0.0516872685547384,0.0591978302821676,0.218327856882074,0.0329108642361654,0.0632660512178584,0.0887706670839201,0.0341626245240703,0.189850310332238,0.0937777082355396,0.0238356021488552,0.0175768007093308,0.0244614822928076
"PD13166",0.112277754444911,0.0404591908161837,0.0795184096318074,0.0606187876242475,0.0610387792244155,0.0807783844323114,0.0396192076158477,0.0345793084138317,0.103037939241215,0.0732185356292874,0.0660786784264315,0.0937981240375192,0.0606187876242475,0.0198796024079518,0.0744785104297914
"PD13167",0.110115410726409,0.0237610319076714,0.0551255940257977,0.0596062457569586,0.0632722335369993,0.0530889341479973,0.11866938221317,0.071418873048201,0.141072640868975,0.0457569585879158,0.0640868974881195,0.046571622539036,0.031907671418873,0.0249830278343517,0.0905634758995248
"PD13168",0.0532712697181278,0.0265063356607189,0.017196793379881,0.0641324023791053,0.0400827514869408,0.115334884923713,0.0323247995862426,0.0532712697181278,0.173907421773985,0.0288337212309284,0.150245668476855,0.0606413240237911,0.0369795707266615,0.0222394621153349,0.125032324799586
"PD13296",0.0773579504794619,0.158079290110205,0.0838521540002862,0.0582510376413339,0.156039788178045,0.0382317160440819,0.137845284099041,0.0387684270788607,0.0117718620294833,0.03243523686847,0.0159582081007586,0.0745670530986117,0.0315228281093459,0.0508444253613854,0.0344747388006297
"PD13297",0.0165203122228136,0.0131275501153096,0.044460706049317,0.0499822600674117,0.111251552244101,0.0145245698066347,0.133271243569274,0.362382472946603,0.00421323398971084,0.0288273904559163,0.0915602270711371,0.0465229732127018,0.0514458045059429,0.0256342025900302,0.00627550115309562
"PD13298",0.0563542037939092,0.051601916755772,0.0737000514831096,0.0725119797235753,0.128945388301453,0.0984119440814225,0.0870064551898935,0.0501762306443309,0.0727495940754822,0.0822541681517564,0.0353253336501525,0.0527899885153063,0.0346124905944319,0.0226129658231357,0.0809472892162687
"PD13299",0.0366558491732344,0.082645649822284,0.130211713800031,0.0456498222840365,0.103415237212177,0.0259928913614588,0.0987791685983619,0.0209859372585381,0.0121774068922887,0.0194096739298408,0.0893215886261783,0.254458352650286,0.0231185288208932,0.0206150517694329,0.0365631278009581
"PD13302",0.110863997843375,0.0615312036662623,0.0192748348834075,0.0508154737835288,0.0314058498449926,0.102574470952959,0.0487936379565979,0.0785146246124815,0.135328211349238,0.120770993395336,0.0635530394931931,0.0130071438199218,0.0813451947701847,0.0214988542930314,0.06072246933549
"PD13304",0.1674111891087,0.0480748776855988,0.0244628802382472,0.0621144437353754,0.0404169325675388,0.0787066581578388,0.0544564986173155,0.0882790895554137,0.141884705381834,0.0882790895554137,0.0321208253563072,0.0148904488406722,0.0295681769836205,0.0289300148904488,0.100404169325675
"PD13306",0.0762684649967887,0.104688503532434,0.0401412973667309,0.0362877328195247,0.035806037251124,0.0565189466923571,0.0690430314707771,0.083975594091201,0.123956326268465,0.0141297366730893,0.150449582530507,0.012684649967887,0.054592164418754,0.0309890815671162,0.110468850353243
"PD13307",0.00765007094823863,0.0391140724288975,0.0566968967857363,0.0304152014313036,0.0211610833487569,0.0531803319143686,0.0483681905114443,0.0478129434264914,0.0942686162008761,0.049108519958048,0.31692269726695,0.139798877167006,0.0326361897711148,0.0161638595841816,0.0467024492565858
"PD13310",0.103313840155945,0.0703526493000177,0.0342016657806131,0.0708842814105972,0.0618465355307461,0.0634414318624845,0.0225057593478646,0.103845472266525,0.179337231968811,0.0889597731702995,0.0379230905546695,0.0124047492468545,0.0458975722133617,0.024100655679603,0.0809852915116073
"PD13311",0.0366959064327485,0.120029239766082,0.039546783625731,0.0178362573099415,0.188888888888889,0.0559941520467836,0.16125730994152,0.0404239766081871,0.0266081871345029,0.0654239766081871,0.0149853801169591,0.045687134502924,0.096125730994152,0.0373538011695906,0.0531432748538012
"PD13312",0.0894113883557262,0.0390275111964171,0.0284708893154191,0.0491042866282789,0.110524632117722,0.0807741522712732,0.037108125399872,0.0740563019833653,0.0951695457453615,0.0615802943058221,0.0275111964171465,0.0207933461292386,0.104766474728087,0.0471849008317338,0.134516954574536
"PD13416",0.102731690966985,0.0529579353108765,0.0413943355119826,0.0770906653259594,0.0434053963465728,0.0720630132394838,0.032847326964974,0.126864420982068,0.136416959946372,0.0911680911680912,0.0454164571811631,0.00871459694989107,0.0504441092676387,0.0177643707055472,0.100720630132395
"PD13418",0.0402935744143093,0.0207543501506756,0.0787887625157966,0.0475843297365607,0.0311072227082726,0.0395644988820842,0.0954116846505298,0.0574997569748226,0.0920579372022942,0.0481675901623408,0.152571206376981,0.222416642364149,0.0147759307864295,0.0201710897248955,0.038835423349859
"PD13419",0.145650904845301,0.0484530064214828,0.035318155283129,0.0755983654407472,0.0712200817279626,0.0169293636894337,0.0256859311150029,0.0431990659661413,0.0834792761237595,0.160537069468768,0.0703444249854057,0.0221833041447752,0.0291885580852306,0.0300642148277875,0.142148277875073
"PD13420",0.0713040446304045,0.0529986052998605,0.0409693165969317,0.0665969316596932,0.0430613668061367,0.0367852161785216,0.104776847977685,0.0885634588563459,0.124128312412831,0.0561366806136681,0.0331241283124128,0.0127266387726639,0.0676429567642957,0.0289400278940028,0.172245467224547
"PD13422",0.021203953279425,0.0600179694519317,0.0238993710691824,0.0325247079964061,0.0573225516621743,0.144115004492363,0.0535489667565139,0.100988319856244,0.180772686433064,0.0810422282120395,0.0594788858939802,0.019047619047619,0.065947888589398,0.0131176999101527,0.0869721473495058
"PD13424",0.0717615717615718,0.114468864468864,0.0377955377955378,0.0512820512820513,0.0407925407925408,0.09998334998335,0.0707625707625708,0.0894938394938395,0.161671661671662,0.0892440892440892,0.045038295038295,0.0362970362970363,0.0148185148185148,0.0313020313020313,0.0452880452880453
"PD13425",0.0177220807285637,0.0226711430114996,0.147179130971676,0.0321640811916339,0.0460851277301845,0.0457957088832291,0.0576908234930925,0.0191112911939492,0.0190244655398626,0.0171143011499576,0.148799876514625,0.382997607470865,0.0095025854750328,0.0130624372925832,0.0210793393532454
"PD13426",0.0874257305686916,0.0670546865526858,0.0172183824421002,0.0485024857523948,0.0394082696738208,0.0674184551958288,0.0568691645446829,0.117254759306414,0.11179822965927,0.0921547229295501,0.0630532314781133,0.0124893900812417,0.0641445374075421,0.0361343518855341,0.119073602522129
"PD13427",0.114301801801802,0.0712274774774775,0.0340653153153153,0.0543355855855856,0.0340653153153153,0.0872747747747748,0.0551801801801802,0.0746058558558559,0.152308558558559,0.0610923423423423,0.018018018018018,0.0205518018018018,0.0703828828828829,0.026463963963964,0.126126126126126
"PD13428",0.0841973886328725,0.0499231950844854,0.0156490015360983,0.0415706605222734,0.0865015360983103,0.0623079877112135,0.0384024577572965,0.121927803379416,0.0844854070660522,0.0600038402457757,0.0467549923195084,0.0363863287250384,0.0922619047619048,0.0366743471582181,0.142953149001536
"PD13602",0.0837245696400626,0.0451598479767494,0.047507265817125,0.0508607198748044,0.0780236977420076,0.126481108875475,0.132852671585066,0.0823831880169908,0.0875810418063939,0.0584059915045831,0.0288955957970043,0.0389559579700425,0.0347641403979432,0.0362731947238989,0.0681310082718533
"PD13603",0.101263112823806,0.0453864268893171,0.0713979875829587,0.0620852065938771,0.089702419182188,0.102868764718476,0.0155213016484693,0.064333119246414,0.0880967672875187,0.0485977306786555,0.089702419182188,0.0672232926568187,0.0502033825733248,0.0274031256690216,0.0762149432669664
"PD13604",0.00419028398030459,0.0110393049353029,0.131519809916409,0.0109426886522386,0.0113828294973091,0.0252204282606206,0.00457674911256155,0.0130789820222146,0.00873124928432383,0.00216134203595557,0.38949602084049,0.377107666323142,0.00177487690369861,0.00216134203595557,0.00661642619947326
"PD13605",0.0351966873706004,0.0926501035196687,0.0662525879917184,0.0460662525879917,0.0646997929606625,0.0693581780538302,0.0841097308488613,0.0988612836438923,0.121376811594203,0.0716873706004141,0.0219979296066253,0.0313146997929607,0.0507246376811594,0.0320910973084886,0.113612836438923
"PD13606",0.0602950249593359,0.0737562398339783,0.0461607493409614,0.0841886813618262,0.0313534129788547,0.176902798810926,0.0567614560547423,0.0618094116327332,0.133490380840204,0.106567951090919,0.0527230915923495,0.0180604632901453,0.0226036233103371,0.0256323966571316,0.049694318245555
"PD13607",0.0627122029159177,0.042939884162173,0.0480327541441981,0.0857799081286199,0.0408428200519273,0.0938685839824246,0.0504293988416217,0.054623527062113,0.116337128020771,0.105552226882365,0.0818853604953066,0.0642101058518075,0.0528260435390453,0.0270621130417416,0.0728979428799681
"PD13608",0.0727287306551199,0.0407345040493946,0.0294282735947398,0.0272632507417208,0.0361639002485767,0.026782134552161,0.0306310640686392,0.0763371020768182,0.0799454734985166,0.0327960869216583,0.176649827600032,0.230053724641168,0.0534840830727287,0.0255793440782616,0.0614225002004651
"PD13609",0.0484300532660499,0.0417017101205495,0.0986823661340062,0.0223577235772358,0.0513737033922063,0.016260162601626,0.0128959910288758,0.0307681525091113,0.0337118026352677,0.0253013737033922,0.223997757218951,0.314830389683207,0.021937202130642,0.00911129800953182,0.0486403139893468
"PD13618",0.0649672508408568,0.0320410692157904,0.0198265179677819,0.0251371924234378,0.0899274207824394,0.0644361833952912,0.0256682598690034,0.111701186050628,0.117011860506284,0.0580633740485042,0.117011860506284,0.0431934855726677,0.0819614090989556,0.0192954505222163,0.129757479199858
"PD13619",0.0908109774899784,0.0556583410422448,0.0269811902559359,0.0482577860006167,0.034381745297564,0.0329941412272587,0.0866481652790626,0.0931236509404872,0.127813752698119,0.137064446500154,0.0556583410422448,0.0107924761023743,0.0487203206907185,0.0232809127351218,0.127813752698119
"PD13620",0.062679288582903,0.051061388410786,0.0575157773952955,0.0656913367756741,0.027180149168101,0.110226620768789,0.0674125071715433,0.0863453815261044,0.155407343660356,0.174770510613884,0.0418100975329891,0.0179288582903041,0.027180149168101,0.0224469305794607,0.0323436603557085
"PD13622",0.117669315172153,0.0618236852062051,0.0132425274309497,0.104048429814605,0.0761256148316307,0.207340143776012,0.0688611426409383,0.0241392357169883,0.127884979190314,0.0797578509269769,0.0343548997351495,0.0125614831630723,0.0109723798713583,0.0157396897465002,0.0454786227771472
"PD13623",0.0213852813852814,0.00735930735930736,0.0445021645021645,0.0226839826839827,0.0135930735930736,0.0512554112554113,0.0660606060606061,0.0811255411255411,0.0777489177489177,0.0463203463203463,0.326839826839827,0.0985281385281385,0.0470995670995671,0.0133333333333333,0.0821645021645022
"PD13625",0.0809047155047687,0.161868485546402,0.039979921457466,0.0504325744825346,0.0301473410694777,0.123423982047421,0.0255410871940237,0.0437889390852452,0.0811704609206602,0.0236808692827826,0.0386511943780081,0.00596450822334426,0.0165943248590073,0.252221926949538,0.0256296689993209
"PD13626",0.192125518058022,0.0748963883955003,0.0402605091770278,0.0757844878626406,0.0642391947898165,0.0251628182356424,0.0367081113084666,0.0438129070455891,0.0944345766725873,0.0846654825340438,0.0411486086441681,0.026939017169923,0.0482534043812907,0.0278271166370633,0.123741859088218
"PD13627",0.0559742502747684,0.112969068927618,0.0559742502747684,0.0306563039723661,0.164075993091537,0.0199403360025122,0.205291254514052,0.043845187627571,0.0239441042549851,0.0711650180562098,0.00592714711885696,0.0679855550321872,0.0837651122625216,0.0391348720364264,0.0193515465536191
"PD13629",0.128106461439795,0.0564373897707231,0.0309443642776976,0.060285393618727,0.046336379669713,0.0516273849607183,0.0415263748597082,0.0727914061247395,0.115600448933782,0.0131473464806798,0.15311848645182,0.0328683662016995,0.0617283950617284,0.0261343594676928,0.109347442680776
"PD13630",0.0380883650068158,0.103279608692166,0.091973378237511,0.0486729211771309,0.0628658487691444,0.0619036163900249,0.020287065993104,0.0667147782856226,0.0893272391949322,0.0578141287787667,0.143212252425627,0.129259882928394,0.0195653917087643,0.0265415764573811,0.0404939459546147
"PD13631",0.0834275662771705,0.0619424550822968,0.0626963186329941,0.0464882522930016,0.0299032541776605,0.116597562507853,0.0581731373288102,0.0822967709511245,0.0917200653348411,0.0773966578715919,0.0819198391757759,0.0257570046488252,0.070611885915316,0.0140721196130167,0.0969971101897223
"PD13752",0.0816136178150869,0.106097703159613,0.0165559053282033,0.0571295324705608,0.0410399906727294,0.107846566398508,0.0532820333449924,0.127783607321907,0.100151568147371,0.08056429987175,0.0424390812638452,0.0228518129882243,0.0602774863005713,0.0648245307216976,0.03754226419494
"PD13753",0.0241557903459706,0.0329811477107935,0.0819556660451626,0.0227884814584628,0.0120986119743112,0.0221669774186866,0.0336026517505697,0.0220426766107313,0.0363372695255852,0.0324839444789724,0.262689040812099,0.36449140252745,0.00501346592086182,0.00725088046405635,0.0399419929562875
"PD13754",0.0404277516953573,0.0376890975482525,0.0337767344809598,0.0298643714136672,0.0412102243088159,0.0787689097548253,0.0881585811163276,0.0732916014606155,0.146452790818988,0.195748565466875,0.0255607720396453,0.0275169535732916,0.099113197704747,0.0239958268127282,0.0584246218049035
"PD13755",0.0404498153742867,0.076703591809332,0.022826451829473,0.0444780127559584,0.0313863712655253,0.0308828465928164,0.0701577710641155,0.105404498153743,0.127056059080228,0.0978516280631084,0.0449815374286673,0.0203088284659282,0.0968445787176905,0.0208123531386371,0.16985565626049
"PD13756",0.0611032973902172,0.0531333020784498,0.0240662603531802,0.0967338646663541,0.032505078918581,0.0925144553836537,0.0639162369120175,0.0882950461009533,0.113142678543522,0.0822003438037193,0.0343803719331145,0.0137521487732458,0.0545397718393499,0.032505078918581,0.15721206438506
"PD13757",0.0639774452396443,0.0262415961830406,0.0275428323574062,0.0203860333983951,0.0574712643678161,0.06527868141401,0.0346996313164173,0.072435480373021,0.106267620906528,0.06527868141401,0.209065278681414,0.104966384732162,0.0399045760138799,0.032097158967686,0.0743873346345695
"PD13758",0.0350503760465446,0.0567617425854974,0.0248332623811551,0.0248332623811551,0.0444160635731517,0.0648502909039308,0.0767702568468852,0.163615723002696,0.0776216829856677,0.153824322406698,0.0367532283241096,0.0141904356463743,0.0865616574428835,0.0273875407975025,0.112530154675749
"PD13760",0.0959294050668944,0.201394819242812,0.0564332479362368,0.0496014802163393,0.0329490463990891,0.0483205237688585,0.124110446911472,0.0333760318815827,0.0261172786791916,0.0786364930259038,0.0434101907201822,0.104042129234273,0.0252633077142044,0.0205664674067748,0.0598491317961856
